0.000000	0.000000	3.792125e-16
0.000000	1.000000	4.491012e-16
0.000000	2.000000	8.245967e-15
0.000000	3.000000	8.385029e-15
0.000000	4.000000	8.324744e-14
0.000000	5.000000	7.542494e-14
0.000000	6.000000	5.070412e-13
0.000000	7.000000	4.184417e-13
0.000000	8.000000	2.112758e-12
0.000000	9.000000	1.609633e-12
0.000000	10.000000	6.478053e-12
0.000000	11.000000	4.598778e-12
0.000000	12.000000	1.533377e-11
0.000000	13.000000	1.021380e-11
0.000000	14.000000	2.899357e-11
0.000000	15.000000	1.822040e-11
0.000000	16.000000	4.493337e-11
0.000000	17.000000	2.675963e-11
0.000000	18.000000	5.823589e-11
0.000000	19.000000	3.298950e-11
0.000000	20.000000	6.415240e-11
0.000000	21.000000	3.467776e-11
0.000000	22.000000	6.087644e-11
0.000000	23.000000	3.148715e-11
0.000000	24.000000	5.032533e-11
0.000000	25.000000	2.496667e-11
0.000000	26.000000	3.659280e-11
0.000000	27.000000	1.744948e-11
0.000000	28.000000	2.359832e-11
0.000000	29.000000	1.083688e-11
0.000000	30.000000	1.359542e-11
0.000000	31.000000	6.022704e-12
0.000000	32.000000	7.042195e-12
0.000000	33.000000	3.014057e-12
0.000000	34.000000	3.298345e-12
0.000000	35.000000	1.365816e-12
0.000000	36.000000	1.404001e-12
0.000000	37.000000	5.632119e-13
0.000000	38.000000	5.456482e-13
0.000000	39.000000	2.122931e-13
0.000000	40.000000	1.944178e-13
0.000000	41.000000	7.344259e-14
0.000000	42.000000	6.374983e-14
0.000000	43.000000	2.340533e-14
0.000000	44.000000	1.930381e-14
0.000000	45.000000	6.894557e-15
0.000000	46.000000	5.415101e-15
0.000000	47.000000	1.883100e-15
0.000000	48.000000	1.411366e-15
0.000000	49.000000	4.782565e-16

1.000000	0.000000	3.180742e-16
1.000000	1.000000	7.009229e-15
1.000000	2.000000	7.773470e-15
1.000000	3.000000	8.862179e-14
1.000000	4.000000	8.464985e-14
1.000000	5.000000	6.369716e-13
1.000000	6.000000	5.421477e-13
1.000000	7.000000	3.030836e-12
1.000000	8.000000	2.345238e-12
1.000000	9.000000	1.039217e-11
1.000000	10.000000	7.408193e-12
1.000000	11.000000	2.710727e-11
1.000000	12.000000	1.797310e-11
1.000000	13.000000	5.586620e-11
1.000000	14.000000	3.470468e-11
1.000000	15.000000	9.356361e-11
1.000000	16.000000	5.477319e-11
1.000000	17.000000	1.301428e-10
1.000000	18.000000	7.213823e-11
1.000000	19.000000	1.529878e-10
1.000000	20.000000	8.061407e-11
1.000000	21.000000	1.541780e-10
1.000000	22.000000	7.749121e-11
1.000000	23.000000	1.348052e-10
1.000000	24.000000	6.481540e-11
1.000000	25.000000	1.033043e-10
1.000000	26.000000	4.763617e-11
1.000000	27.000000	6.999329e-11
1.000000	28.000000	3.102379e-11
1.000000	29.000000	4.225006e-11
1.000000	30.000000	1.803647e-11
1.000000	31.000000	2.287389e-11
1.000000	32.000000	9.421605e-12
1.000000	33.000000	1.117310e-11
1.000000	34.000000	4.447513e-12
1.000000	35.000000	4.950308e-12
1.000000	36.000000	1.907071e-12
1.000000	37.000000	1.998880e-12
1.000000	38.000000	7.462579e-13
1.000000	39.000000	7.387713e-13
1.000000	40.000000	2.676128e-13
1.000000	41.000000	2.509021e-13
1.000000	42.000000	8.828363e-14
1.000000	43.000000	7.858209e-14
1.000000	44.000000	2.688593e-14
1.000000	45.000000	2.277156e-14
1.000000	46.000000	7.582862e-15
1.000000	47.000000	6.123831e-15
1.000000	48.000000	1.986489e-15
1.000000	49.000000	1.532591e-15

2.000000	0.000000	4.486708e-15
2.000000	1.000000	5.670446e-15
2.000000	2.000000	7.446962e-14
2.000000	3.000000	7.922166e-14
2.000000	4.000000	6.450778e-13
2.000000	5.000000	6.034488e-13
2.000000	6.000000	3.547105e-12
2.000000	7.000000	2.989631e-12
2.000000	8.000000	1.370712e-11
2.000000	9.000000	1.057145e-11
2.000000	10.000000	3.962229e-11
2.000000	11.000000	2.826883e-11
2.000000	12.000000	8.939434e-11
2.000000	13.000000	5.948673e-11
2.000000	14.000000	1.623739e-10
2.000000	15.000000	1.014307e-10
2.000000	16.000000	2.431386e-10
2.000000	17.000000	1.433260e-10
2.000000	18.000000	3.058306e-10
2.000000	19.000000	1.708683e-10
2.000000	20.000000	3.281230e-10
2.000000	21.000000	1.743932e-10
2.000000	22.000000	3.041170e-10
2.000000	23.000000	1.542495e-10
2.000000	24.000000	2.461277e-10
2.000000	25.000000	1.194628e-10
2.000000	26.000000	1.755493e-10
2.000000	27.000000	8.173638e-11
2.000000	28.000000	1.112325e-10
2.000000	29.000000	4.978824e-11
2.000000	30.000000	6.305274e-11
2.000000	31.000000	2.718404e-11
2.000000	32.000000	3.217443e-11
2.000000	33.000000	1.338405e-11
2.000000	34.000000	1.486119e-11
2.000000	35.000000	5.974166e-12
2.000000	36.000000	6.244342e-12
2.000000	37.000000	2.429271e-12
2.000000	38.000000	2.397478e-12
2.000000	39.000000	9.038056e-13
2.000000	40.000000	8.445429e-13
2.000000	41.000000	3.088816e-13
2.000000	42.000000	2.739659e-13
2.000000	43.000000	9.731833e-14
2.000000	44.000000	8.212057e-14
2.000000	45.000000	2.836088e-14
2.000000	46.000000	2.281612e-14
2.000000	47.000000	7.668117e-15
2.000000	48.000000	5.892708e-15
2.000000	49.000000	1.928955e-15

3.000000	0.000000	3.225630e-15
3.000000	1.000000	4.987493e-14
3.000000	2.000000	5.896050e-14
3.000000	3.000000	5.381783e-13
3.000000	4.000000	5.505995e-13
3.000000	5.000000	3.488163e-12
3.000000	6.000000	3.180654e-12
3.000000	7.000000	1.539278e-11
3.000000	8.000000	1.274411e-11
3.000000	9.000000	4.978246e-11
3.000000	10.000000	3.790124e-11
3.000000	11.000000	1.238638e-10
3.000000	12.000000	8.753257e-11
3.000000	13.000000	2.454423e-10
3.000000	14.000000	1.621717e-10
3.000000	15.000000	3.975668e-10
3.000000	16.000000	2.470414e-10
3.000000	17.000000	5.372704e-10
3.000000	18.000000	3.154837e-10
3.000000	19.000000	6.158150e-10
3.000000	20.000000	3.430982e-10
3.000000	21.000000	6.068580e-10
3.000000	22.000000	3.219173e-10
3.000000	23.000000	5.200776e-10
3.000000	24.000000	2.634625e-10
3.000000	25.000000	3.914102e-10
3.000000	26.000000	1.898533e-10
3.000000	27.000000	2.608813e-10
3.000000	28.000000	1.214435e-10
3.000000	29.000000	1.551324e-10
3.000000	30.000000	6.945097e-11
3.000000	31.000000	8.283883e-11
3.000000	32.000000	3.573235e-11
3.000000	33.000000	3.995279e-11
3.000000	34.000000	1.663241e-11
3.000000	35.000000	1.749398e-11
3.000000	36.000000	7.039439e-12
3.000000	37.000000	6.986859e-12
3.000000	38.000000	2.721295e-12
3.000000	39.000000	2.555994e-12
3.000000	40.000000	9.648285e-13
3.000000	41.000000	8.597855e-13
3.000000	42.000000	3.149088e-13
3.000000	43.000000	2.668689e-13
3.000000	44.000000	9.494362e-14
3.000000	45.000000	7.668022e-14
3.000000	46.000000	2.652516e-14
3.000000	47.000000	2.045671e-14
3.000000	48.000000	6.886850e-15
3.000000	49.000000	5.080984e-15

4.000000	0.000000	2.607532e-14
4.000000	1.000000	3.469218e-14
4.000000	2.000000	3.696073e-13
4.000000	3.000000	4.142374e-13
4.000000	4.000000	2.890771e-12
4.000000	5.000000	2.851759e-12
4.000000	6.000000	1.478390e-11
4.000000	7.000000	1.312955e-11
4.000000	8.000000	5.405045e-11
4.000000	9.000000	4.386061e-11
4.000000	10.000000	1.494622e-10
4.000000	11.000000	1.120122e-10
4.000000	12.000000	3.250754e-10
4.000000	13.000000	2.268411e-10
4.000000	14.000000	5.724328e-10
4.000000	15.000000	3.743534e-10
4.000000	16.000000	8.345714e-10
4.000000	17.000000	5.142140e-10
4.000000	18.000000	1.025547e-09
4.000000	19.000000	5.979779e-10
4.000000	20.000000	1.077832e-09
4.000000	21.000000	5.969910e-10
4.000000	22.000000	9.807434e-10
4.000000	23.000000	5.176925e-10
4.000000	24.000000	7.806802e-10
4.000000	25.000000	3.938422e-10
4.000000	26.000000	5.485063e-10
4.000000	27.000000	2.651241e-10
4.000000	28.000000	3.428118e-10
4.000000	29.000000	1.591133e-10
4.000000	30.000000	1.918942e-10
4.000000	31.000000	8.569569e-11
4.000000	32.000000	9.678980e-11
4.000000	33.000000	4.166297e-11
4.000000	34.000000	4.422894e-11
4.000000	35.000000	1.838039e-11
4.000000	36.000000	1.839935e-11
4.000000	37.000000	7.392968e-12
4.000000	38.000000	6.998823e-12
4.000000	39.000000	2.722670e-12
4.000000	40.000000	2.444029e-12
4.000000	41.000000	9.216539e-13
4.000000	42.000000	7.863725e-13
4.000000	43.000000	2.877906e-13
4.000000	44.000000	2.339054e-13
4.000000	45.000000	8.316365e-14
4.000000	46.000000	6.451727e-14
4.000000	47.000000	2.230690e-14
4.000000	48.000000	1.654882e-14
4.000000	49.000000	5.569230e-15

5.000000	0.000000	1.669498e-14
5.000000	1.000000	2.080591e-13
5.000000	2.000000	2.562597e-13
5.000000	3.000000	2.020284e-12
5.000000	4.000000	2.159725e-12
5.000000	5.000000	1.218474e-11
5.000000	6.000000	1.161207e-11
5.000000	7.000000	5.095072e-11
5.000000	8.000000	4.405509e-11
5.000000	9.000000	1.579213e-10
5.000000	10.000000	1.254257e-10
5.000000	11.000000	3.794782e-10
5.000000	12.000000	2.794052e-10
5.000000	13.000000	7.302737e-10
5.000000	14.000000	5.020788e-10
5.000000	15.000000	1.153610e-09
5.000000	16.000000	7.449448e-10
5.000000	17.000000	1.525347e-09
5.000000	18.000000	9.296502e-10
5.000000	19.000000	1.715060e-09
5.000000	20.000000	9.905995e-10
5.000000	21.000000	1.661445e-09
5.000000	22.000000	9.126435e-10
5.000000	23.000000	1.402150e-09
5.000000	24.000000	7.347416e-10
5.000000	25.000000	1.040691e-09
5.000000	26.000000	5.216178e-10
5.000000	27.000000	6.849126e-10
5.000000	28.000000	3.291463e-10
5.000000	29.000000	4.025872e-10
5.000000	30.000000	1.858909e-10
5.000000	31.000000	2.126950e-10
5.000000	32.000000	9.454254e-11
5.000000	33.000000	1.015748e-10
5.000000	34.000000	4.353869e-11
5.000000	35.000000	4.407070e-11
5.000000	36.000000	1.824475e-11
5.000000	37.000000	1.745170e-11
5.000000	38.000000	6.987856e-12
5.000000	39.000000	6.333616e-12
5.000000	40.000000	2.456089e-12
5.000000	41.000000	2.114631e-12
5.000000	42.000000	7.951253e-13
5.000000	43.000000	6.517625e-13
5.000000	44.000000	2.378929e-13
5.000000	45.000000	1.860361e-13
5.000000	46.000000	6.598223e-14
5.000000	47.000000	4.932093e-14
5.000000	48.000000	1.701429e-14
5.000000	49.000000	1.217782e-14

6.000000	0.000000	9.323353e-14
6.000000	1.000000	1.287145e-13
6.000000	2.000000	1.186624e-12
6.000000	3.000000	1.379467e-12
6.000000	4.000000	8.622660e-12
6.000000	5.000000	8.832764e-12
6.000000	6.000000	4.180069e-11
6.000000	7.000000	3.854086e-11
6.000000	8.000000	1.466109e-10
6.000000	9.000000	1.234266e-10
6.000000	10.000000	3.920226e-10
6.000000	11.000000	3.045130e-10
6.000000	12.000000	8.291070e-10
6.000000	13.000000	5.990522e-10
6.000000	14.000000	1.425620e-09
6.000000	15.000000	9.643278e-10
6.000000	16.000000	2.036031e-09
6.000000	17.000000	1.296227e-09
6.000000	18.000000	2.457060e-09
6.000000	19.000000	1.478860e-09
6.000000	20.000000	2.541189e-09
6.000000	21.000000	1.451500e-09
6.000000	22.000000	2.279271e-09
6.000000	23.000000	1.239584e-09
6.000000	24.000000	1.790924e-09
6.000000	25.000000	9.300532e-10
6.000000	26.000000	1.243551e-09
6.000000	27.000000	6.182285e-10
6.000000	28.000000	7.688748e-10
6.000000	29.000000	3.667566e-10
6.000000	30.000000	4.261469e-10
6.000000	31.000000	1.954333e-10
6.000000	32.000000	2.129879e-10
6.000000	33.000000	9.408150e-11
6.000000	34.000000	9.650496e-11
6.000000	35.000000	4.112707e-11
6.000000	36.000000	3.983082e-11
6.000000	37.000000	1.640140e-11
6.000000	38.000000	1.503981e-11
6.000000	39.000000	5.992206e-12
6.000000	40.000000	5.215875e-12
6.000000	41.000000	2.013281e-12
6.000000	42.000000	1.667380e-12
6.000000	43.000000	6.242402e-13
6.000000	44.000000	4.929423e-13
6.000000	45.000000	1.791935e-13
6.000000	46.000000	1.351855e-13
6.000000	47.000000	4.776397e-14
6.000000	48.000000	3.448689e-14
6.000000	49.000000	1.185424e-14

7.000000	0.000000	5.436947e-14
7.000000	1.000000	5.819202e-13
7.000000	2.000000	7.388356e-13
7.000000	3.000000	5.227898e-12
7.000000	4.000000	5.773181e-12
7.000000	5.000000	2.986093e-11
7.000000	6.000000	2.940665e-11
7.000000	7.000000	1.198149e-10
7.000000	8.000000	1.070153e-10
7.000000	9.000000	3.593416e-10
7.000000	10.000000	2.946110e-10
7.000000	11.000000	8.403640e-10
7.000000	12.000000	6.382031e-10
7.000000	13.000000	1.580552e-09
7.000000	14.000000	1.119862e-09
7.000000	15.000000	2.448006e-09
7.000000	16.000000	1.627680e-09
7.000000	17.000000	3.181545e-09
7.000000	18.000000	1.994841e-09
7.000000	19.000000	3.523183e-09
7.000000	20.000000	2.091757e-09
7.000000	21.000000	3.366968e-09
7.000000	22.000000	1.899602e-09
7.000000	23.000000	2.806953e-09
7.000000	24.000000	1.509556e-09
7.000000	25.000000	2.060375e-09
7.000000	26.000000	1.059086e-09
7.000000	27.000000	1.342354e-09
7.000000	28.000000	6.611035e-10
7.000000	29.000000	7.817405e-10
7.000000	30.000000	3.696733e-10
7.000000	31.000000	4.094929e-10
7.000000	32.000000	1.862927e-10
7.000000	33.000000	1.940160e-10
7.000000	34.000000	8.506313e-11
7.000000	35.000000	8.356167e-11
7.000000	36.000000	3.536362e-11
7.000000	37.000000	3.286364e-11
7.000000	38.000000	1.344442e-11
7.000000	39.000000	1.185066e-11
7.000000	40.000000	4.692721e-12
7.000000	41.000000	3.932875e-12
7.000000	42.000000	1.509318e-12
7.000000	43.000000	1.205326e-12
7.000000	44.000000	4.488027e-13
7.000000	45.000000	3.422092e-13
7.000000	46.000000	1.237596e-13
7.000000	47.000000	9.026761e-14
7.000000	48.000000	3.173797e-14
7.000000	49.000000	2.218156e-14

8.000000	0.000000	2.299894e-13
8.000000	1.000000	3.268899e-13
8.000000	2.000000	2.701143e-12
8.000000	3.000000	3.229806e-12
8.000000	4.000000	1.854660e-11
8.000000	5.000000	1.955747e-11
8.000000	6.000000	8.622647e-11
8.000000	7.000000	8.183728e-11
8.000000	8.000000	2.926840e-10
8.000000	9.000000	2.535232e-10
8.000000	10.000000	7.620090e-10
8.000000	11.000000	6.086316e-10
8.000000	12.000000	1.576020e-09
8.000000	13.000000	1.170050e-09
8.000000	14.000000	2.658686e-09
8.000000	15.000000	1.846515e-09
8.000000	16.000000	3.734650e-09
8.000000	17.000000	2.439424e-09
8.000000	18.000000	4.441698e-09
8.000000	19.000000	2.740834e-09
8.000000	20.000000	4.534609e-09
8.000000	21.000000	2.653590e-09
8.000000	22.000000	4.020200e-09
8.000000	23.000000	2.238431e-09
8.000000	24.000000	3.125809e-09
8.000000	25.000000	1.660824e-09
8.000000	26.000000	2.149777e-09
8.000000	27.000000	1.092787e-09
8.000000	28.000000	1.317595e-09
8.000000	29.000000	6.422434e-10
8.000000	30.000000	7.244139e-10
8.000000	31.000000	3.392902e-10
8.000000	32.000000	3.593758e-10
8.000000	33.000000	1.620335e-10
8.000000	34.000000	1.617123e-10
8.000000	35.000000	7.030718e-11
8.000000	36.000000	6.631596e-11
8.000000	37.000000	2.784457e-11
8.000000	38.000000	2.489028e-11
8.000000	39.000000	1.010710e-11
8.000000	40.000000	8.583556e-12
8.000000	41.000000	3.375186e-12
8.000000	42.000000	2.729444e-12
8.000000	43.000000	1.040529e-12
8.000000	44.000000	8.029123e-13
8.000000	45.000000	2.970808e-13
8.000000	46.000000	2.191566e-13
8.000000	47.000000	7.878263e-14
8.000000	48.000000	5.565967e-14
8.000000	49.000000	1.945800e-14

9.000000	0.000000	1.238850e-13
9.000000	1.000000	1.180347e-12
9.000000	2.000000	1.535479e-12
9.000000	3.000000	9.979121e-12
9.000000	4.000000	1.130771e-11
9.000000	5.000000	5.458740e-11
9.000000	6.000000	5.517598e-11
9.000000	7.000000	2.118954e-10
9.000000	8.000000	1.942074e-10
9.000000	9.000000	6.188469e-10
9.000000	10.000000	5.203831e-10
9.000000	11.000000	1.415759e-09
9.000000	12.000000	1.102099e-09
9.000000	13.000000	2.613554e-09
9.000000	14.000000	1.896914e-09
9.000000	15.000000	3.983328e-09
9.000000	16.000000	2.711301e-09
9.000000	17.000000	5.104512e-09
9.000000	18.000000	3.274283e-09
9.000000	19.000000	5.582581e-09
9.000000	20.000000	3.388644e-09
9.000000	21.000000	5.275905e-09
9.000000	22.000000	3.041356e-09
9.000000	23.000000	4.354411e-09
9.000000	24.000000	2.391286e-09
9.000000	25.000000	3.167234e-09
9.000000	26.000000	1.661517e-09
9.000000	27.000000	2.046370e-09
9.000000	28.000000	1.027989e-09
9.000000	29.000000	1.182659e-09
9.000000	30.000000	5.701502e-10
9.000000	31.000000	6.151491e-10
9.000000	32.000000	2.851586e-10
9.000000	33.000000	2.895570e-10
9.000000	34.000000	1.292963e-10
9.000000	35.000000	1.239552e-10
9.000000	36.000000	5.340275e-11
9.000000	37.000000	4.847423e-11
9.000000	38.000000	2.017884e-11
9.000000	39.000000	1.738731e-11
9.000000	40.000000	7.003113e-12
9.000000	41.000000	5.741638e-12
9.000000	42.000000	2.240311e-12
9.000000	43.000000	1.751430e-12
9.000000	44.000000	6.627938e-13
9.000000	45.000000	4.950593e-13
9.000000	46.000000	1.818943e-13
9.000000	47.000000	1.300407e-13
9.000000	48.000000	4.643520e-14
9.000000	49.000000	3.182848e-14

10.000000	0.000000	4.192688e-13
10.000000	1.000000	6.104740e-13
10.000000	2.000000	4.621884e-12
10.000000	3.000000	5.654963e-12
10.000000	4.000000	3.031971e-11
10.000000	5.000000	3.273543e-11
10.000000	6.000000	1.362478e-10
10.000000	7.000000	1.323944e-10
10.000000	8.000000	4.502455e-10
10.000000	9.000000	3.991607e-10
10.000000	10.000000	1.146811e-09
10.000000	11.000000	9.370295e-10
10.000000	12.000000	2.328626e-09
10.000000	13.000000	1.767532e-09
10.000000	14.000000	3.866839e-09
10.000000	15.000000	2.744188e-09
10.000000	16.000000	5.357709e-09
10.000000	17.000000	3.573831e-09
10.000000	18.000000	6.295444e-09
10.000000	19.000000	3.964848e-09
10.000000	20.000000	6.358302e-09
10.000000	21.000000	3.795394e-09
10.000000	22.000000	5.582757e-09
10.000000	23.000000	3.169057e-09
10.000000	24.000000	4.302913e-09
10.000000	25.000000	2.329599e-09
10.000000	26.000000	2.935835e-09
10.000000	27.000000	1.519892e-09
10.000000	28.000000	1.786277e-09
10.000000	29.000000	8.863305e-10
10.000000	30.000000	9.755152e-10
10.000000	31.000000	4.648867e-10
10.000000	32.000000	4.809458e-10
10.000000	33.000000	2.205405e-10
10.000000	34.000000	2.151709e-10
10.000000	35.000000	9.510266e-11
10.000000	36.000000	8.776525e-11
10.000000	37.000000	3.744739e-11
10.000000	38.000000	3.277558e-11
10.000000	39.000000	1.351933e-11
10.000000	40.000000	1.124967e-11
10.000000	41.000000	4.491762e-12
10.000000	42.000000	3.561401e-12
10.000000	43.000000	1.378138e-12
10.000000	44.000000	1.043276e-12
10.000000	45.000000	3.916962e-13
10.000000	46.000000	2.836418e-13
10.000000	47.000000	1.034303e-13
10.000000	48.000000	7.176814e-14
10.000000	49.000000	2.544218e-14

11.000000	0.000000	2.106465e-13
11.000000	1.000000	1.827927e-12
11.000000	2.000000	2.426851e-12
11.000000	3.000000	1.470991e-11
11.000000	4.000000	1.702933e-11
11.000000	5.000000	7.765476e-11
11.000000	6.000000	8.020739e-11
11.000000	7.000000	2.932873e-10
11.000000	8.000000	2.746234e-10
11.000000	9.000000	8.378458e-10
11.000000	10.000000	7.195049e-10
11.000000	11.000000	1.881925e-09
11.000000	12.000000	1.495390e-09
11.000000	13.000000	3.420378e-09
11.000000	14.000000	2.532714e-09
11.000000	15.000000	5.143225e-09
11.000000	16.000000	3.569705e-09
11.000000	17.000000	6.513481e-09
11.000000	18.000000	4.258050e-09
11.000000	19.000000	7.049299e-09
11.000000	20.000000	4.358603e-09
11.000000	21.000000	6.599909e-09
11.000000	22.000000	3.873471e-09
11.000000	23.000000	5.401309e-09
11.000000	24.000000	3.018438e-09
11.000000	25.000000	3.898658e-09
11.000000	26.000000	2.080262e-09
11.000000	27.000000	2.501336e-09
11.000000	28.000000	1.277497e-09
11.000000	29.000000	1.436310e-09
11.000000	30.000000	7.036789e-10
11.000000	31.000000	7.426521e-10
11.000000	32.000000	3.497109e-10
11.000000	33.000000	3.476517e-10
11.000000	34.000000	1.576315e-10
11.000000	35.000000	1.480632e-10
11.000000	36.000000	6.474829e-11
11.000000	37.000000	5.762529e-11
11.000000	38.000000	2.434017e-11
11.000000	39.000000	2.057721e-11
11.000000	40.000000	8.406592e-12
11.000000	41.000000	6.766438e-12
11.000000	42.000000	2.677091e-12
11.000000	43.000000	2.055862e-12
11.000000	44.000000	7.886276e-13
11.000000	45.000000	5.789378e-13
11.000000	46.000000	2.155527e-13
11.000000	47.000000	1.515357e-13
11.000000	48.000000	5.481702e-14
11.000000	49.000000	3.696518e-14

12.000000	0.000000	5.914593e-13
12.000000	1.000000	8.791837e-13
12.000000	2.000000	6.190666e-12
12.000000	3.000000	7.723495e-12
12.000000	4.000000	3.910224e-11
12.000000	5.000000	4.306698e-11
12.000000	6.000000	1.707865e-10
12.000000	7.000000	1.692855e-10
12.000000	8.000000	5.518193e-10
12.000000	9.000000	4.988770e-10
12.000000	10.000000	1.379811e-09
12.000000	11.000000	1.149214e-09
12.000000	12.000000	2.758524e-09
12.000000	13.000000	2.133358e-09
12.000000	14.000000	4.520014e-09
12.000000	15.000000	3.266684e-09
12.000000	16.000000	6.190343e-09
12.000000	17.000000	4.203080e-09
12.000000	18.000000	7.199606e-09
12.000000	19.000000	4.613159e-09
12.000000	20.000000	7.205344e-09
12.000000	21.000000	4.373777e-09
12.000000	22.000000	6.274727e-09
12.000000	23.000000	3.620474e-09
12.000000	24.000000	4.800407e-09
12.000000	25.000000	2.640561e-09
12.000000	26.000000	3.253141e-09
12.000000	27.000000	1.710413e-09
12.000000	28.000000	1.967079e-09
12.000000	29.000000	9.908561e-10
12.000000	30.000000	1.068124e-09
12.000000	31.000000	5.165457e-10
12.000000	32.000000	5.238230e-10
12.000000	33.000000	2.436632e-10
12.000000	34.000000	2.332041e-10
12.000000	35.000000	1.045212e-10
12.000000	36.000000	9.468570e-11
12.000000	37.000000	4.095387e-11
12.000000	38.000000	3.520872e-11
12.000000	39.000000	1.471720e-11
12.000000	40.000000	1.203630e-11
12.000000	41.000000	4.868607e-12
12.000000	42.000000	3.796044e-12
12.000000	43.000000	1.487674e-12
12.000000	44.000000	1.108053e-12
12.000000	45.000000	4.212022e-13
12.000000	46.000000	3.002390e-13
12.000000	47.000000	1.108166e-13
12.000000	48.000000	7.572541e-14
12.000000	49.000000	2.716500e-14

13.000000	0.000000	2.791749e-13
13.000000	1.000000	2.241524e-12
13.000000	2.000000	3.028929e-12
13.000000	3.000000	1.730982e-11
13.000000	4.000000	2.041097e-11
13.000000	5.000000	8.868080e-11
13.000000	6.000000	9.330580e-11
13.000000	7.000000	3.272400e-10
13.000000	8.000000	3.120756e-10
13.000000	9.000000	9.174522e-10
13.000000	10.000000	8.021478e-10
13.000000	11.000000	2.028770e-09
13.000000	12.000000	1.640620e-09
13.000000	13.000000	3.638535e-09
13.000000	14.000000	2.740754e-09
13.000000	15.000000	5.408617e-09
13.000000	16.000000	3.816973e-09
13.000000	17.000000	6.780713e-09
13.000000	18.000000	4.505205e-09
13.000000	19.000000	7.273017e-09
13.000000	20.000000	4.568431e-09
13.000000	21.000000	6.754918e-09
13.000000	22.000000	4.025766e-09
13.000000	23.000000	5.488256e-09
13.000000	24.000000	3.113184e-09
13.000000	25.000000	3.935417e-09
13.000000	26.000000	2.130634e-09
13.000000	27.000000	2.509767e-09
13.000000	28.000000	1.300083e-09
13.000000	29.000000	1.433201e-09
13.000000	30.000000	7.119095e-10
13.000000	31.000000	7.372693e-10
13.000000	32.000000	3.518757e-10
13.000000	33.000000	3.435013e-10
13.000000	34.000000	1.578050e-10
13.000000	35.000000	1.456522e-10
13.000000	36.000000	6.451379e-11
13.000000	37.000000	5.645412e-11
13.000000	38.000000	2.414497e-11
13.000000	39.000000	2.008143e-11
13.000000	40.000000	8.304631e-12
13.000000	41.000000	6.579534e-12
13.000000	42.000000	2.634314e-12
13.000000	43.000000	1.992266e-12
13.000000	44.000000	7.731731e-13
13.000000	45.000000	5.592244e-13
13.000000	46.000000	2.105939e-13
13.000000	47.000000	1.459302e-13
13.000000	48.000000	5.337959e-14
13.000000	49.000000	3.549502e-14

14.000000	0.000000	6.674409e-13
14.000000	1.000000	1.010262e-12
14.000000	2.000000	6.687998e-12
14.000000	3.000000	8.486835e-12
14.000000	4.000000	4.090734e-11
14.000000	5.000000	4.583978e-11
14.000000	6.000000	1.743832e-10
14.000000	7.000000	1.758470e-10
14.000000	8.000000	5.526759e-10
14.000000	9.000000	5.081765e-10
14.000000	10.000000	1.360208e-09
14.000000	11.000000	1.151802e-09
14.000000	12.000000	2.683214e-09
14.000000	13.000000	2.108915e-09
14.000000	14.000000	4.346391e-09
14.000000	15.000000	3.191034e-09
14.000000	16.000000	5.893207e-09
14.000000	17.000000	4.063105e-09
14.000000	18.000000	6.793659e-09
14.000000	19.000000	4.418424e-09
14.000000	20.000000	6.745648e-09
14.000000	21.000000	4.154556e-09
14.000000	22.000000	5.832873e-09
14.000000	23.000000	3.413366e-09
14.000000	24.000000	4.433783e-09
14.000000	25.000000	2.472629e-09
14.000000	26.000000	2.987131e-09
14.000000	27.000000	1.591702e-09
14.000000	28.000000	1.796554e-09
14.000000	29.000000	9.168278e-10
14.000000	30.000000	9.707123e-10
14.000000	31.000000	4.754359e-10
14.000000	32.000000	4.738755e-10
14.000000	33.000000	2.231750e-10
14.000000	34.000000	2.100718e-10
14.000000	35.000000	9.529704e-11
14.000000	36.000000	8.495580e-11
14.000000	37.000000	3.718088e-11
14.000000	38.000000	3.147365e-11
14.000000	39.000000	1.330810e-11
14.000000	40.000000	1.072204e-11
14.000000	41.000000	4.385979e-12
14.000000	42.000000	3.370491e-12
14.000000	43.000000	1.335472e-12
14.000000	44.000000	9.808001e-13
14.000000	45.000000	3.768496e-13
14.000000	46.000000	2.649834e-13
14.000000	47.000000	9.883494e-14
14.000000	48.000000	6.664864e-14
14.000000	49.000000	2.415540e-14

15.000000	0.000000	2.976483e-13
15.000000	1.000000	2.236787e-12
15.000000	2.000000	3.070075e-12
15.000000	3.000000	1.667643e-11
15.000000	4.000000	1.998389e-11
15.000000	5.000000	8.326237e-11
15.000000	6.000000	8.903402e-11
15.000000	7.000000	3.011486e-10
15.000000	8.000000	2.918232e-10
15.000000	9.000000	8.307022e-10
15.000000	10.000000	7.377817e-10
15.000000	11.000000	1.812228e-09
15.000000	12.000000	1.488132e-09
15.000000	13.000000	3.212881e-09
15.000000	14.000000	2.456538e-09
15.000000	15.000000	4.728375e-09
15.000000	16.000000	3.385783e-09
15.000000	17.000000	5.876088e-09
15.000000	18.000000	3.959789e-09
15.000000	19.000000	6.253786e-09
15.000000	20.000000	3.982667e-09
15.000000	21.000000	5.767882e-09
15.000000	22.000000	3.483871e-09
15.000000	23.000000	4.656858e-09
15.000000	24.000000	2.676240e-09
15.000000	25.000000	3.320173e-09
15.000000	26.000000	1.820500e-09
15.000000	27.000000	2.106336e-09
15.000000	28.000000	1.104672e-09
15.000000	29.000000	1.197043e-09
15.000000	30.000000	6.018071e-10
15.000000	31.000000	6.130516e-10
15.000000	32.000000	2.960450e-10
15.000000	33.000000	2.844513e-10
15.000000	34.000000	1.321816e-10
15.000000	35.000000	1.201515e-10
15.000000	36.000000	5.381630e-11
15.000000	37.000000	4.640346e-11
15.000000	38.000000	2.006384e-11
15.000000	39.000000	1.645092e-11
15.000000	40.000000	6.876015e-12
15.000000	41.000000	5.373035e-12
15.000000	42.000000	2.173731e-12
15.000000	43.000000	1.622110e-12
15.000000	44.000000	6.359466e-13
15.000000	45.000000	4.540456e-13
15.000000	46.000000	1.726917e-13
15.000000	47.000000	1.181692e-13
15.000000	48.000000	4.364671e-14
15.000000	49.000000	2.867025e-14

16.000000	0.000000	6.178432e-13
16.000000	1.000000	9.503862e-13
16.000000	2.000000	5.963680e-12
16.000000	3.000000	7.682627e-12
16.000000	4.000000	3.547791e-11
16.000000	5.000000	4.036709e-11
16.000000	6.000000	1.480829e-10
16.000000	7.000000	1.516071e-10
16.000000	8.000000	4.615077e-10
16.000000	9.000000	4.307222e-10
16.000000	10.000000	1.120232e-09
16.000000	11.000000	9.625278e-10
16.000000	12.000000	2.184180e-09
16.000000	13.000000	1.741282e-09
16.000000	14.000000	3.502693e-09
16.000000	15.000000	2.607479e-09
16.000000	16.000000	4.707821e-09
16.000000	17.000000	3.289890e-09
16.000000	18.000000	5.385315e-09
16.000000	19.000000	3.548718e-09
16.000000	20.000000	5.310467e-09
16.000000	21.000000	3.312657e-09
16.000000	22.000000	4.563460e-09
16.000000	23.000000	2.703885e-09
16.000000	24.000000	3.449387e-09
16.000000	25.000000	1.947047e-09
16.000000	26.000000	2.312027e-09
16.000000	27.000000	1.246558e-09
16.000000	28.000000	1.383996e-09
16.000000	29.000000	7.144339e-10
16.000000	30.000000	7.445640e-10
16.000000	31.000000	3.687704e-10
16.000000	32.000000	3.620202e-10
16.000000	33.000000	1.723633e-10
16.000000	34.000000	1.598884e-10
16.000000	35.000000	7.330650e-11
16.000000	36.000000	6.443650e-11
16.000000	37.000000	2.849448e-11
16.000000	38.000000	2.379431e-11
16.000000	39.000000	1.016336e-11
16.000000	40.000000	8.081240e-12
16.000000	41.000000	3.338558e-12
16.000000	42.000000	2.533064e-12
16.000000	43.000000	1.013401e-12
16.000000	44.000000	7.351179e-13
16.000000	45.000000	2.851302e-13
16.000000	46.000000	1.980992e-13
16.000000	47.000000	7.457311e-14
16.000000	48.000000	4.970515e-14
16.000000	49.000000	1.817793e-14

17.000000	0.000000	2.615088e-13
17.000000	1.000000	1.855458e-12
17.000000	2.000000	2.582670e-12
17.000000	3.000000	1.341799e-11
17.000000	4.000000	1.631235e-11
17.000000	5.000000	6.550414e-11
17.000000	6.000000	7.106076e-11
17.000000	7.000000	2.327994e-10
17.000000	8.000000	2.288189e-10
17.000000	9.000000	6.330843e-10
17.000000	10.000000	5.701523e-10
17.000000	11.000000	1.364785e-09
17.000000	12.000000	1.136047e-09
17.000000	13.000000	2.395197e-09
17.000000	14.000000	1.855762e-09
17.000000	15.000000	3.494136e-09
17.000000	16.000000	2.534464e-09
17.000000	17.000000	4.308851e-09
17.000000	18.000000	2.940310e-09
17.000000	19.000000	4.554464e-09
17.000000	20.000000	2.936083e-09
17.000000	21.000000	4.174852e-09
17.000000	22.000000	2.551782e-09
17.000000	23.000000	3.352022e-09
17.000000	24.000000	1.948756e-09
17.000000	25.000000	2.377840e-09
17.000000	26.000000	1.318555e-09
17.000000	27.000000	1.501568e-09
17.000000	28.000000	7.961755e-10
17.000000	29.000000	8.497362e-10
17.000000	30.000000	4.317849e-10
17.000000	31.000000	4.334805e-10
17.000000	32.000000	2.115185e-10
17.000000	33.000000	2.004020e-10
17.000000	34.000000	9.407427e-11
17.000000	35.000000	8.436339e-11
17.000000	36.000000	3.816247e-11
17.000000	37.000000	3.247900e-11
17.000000	38.000000	1.417950e-11
17.000000	39.000000	1.148039e-11
17.000000	40.000000	4.843937e-12
17.000000	41.000000	3.739190e-12
17.000000	42.000000	1.526736e-12
17.000000	43.000000	1.125899e-12
17.000000	44.000000	4.453989e-13
17.000000	45.000000	3.143718e-13
17.000000	46.000000	1.206249e-13
17.000000	47.000000	8.162639e-14
17.000000	48.000000	3.040992e-14
17.000000	49.000000	1.976026e-14

18.000000	0.000000	4.785346e-13
18.000000	1.000000	7.468621e-13
18.000000	2.000000	4.470701e-12
18.000000	3.000000	5.838032e-12
18.000000	4.000000	2.595678e-11
18.000000	5.000000	2.994098e-11
18.000000	6.000000	1.063516e-10
18.000000	7.000000	1.103705e-10
18.000000	8.000000	3.265806e-10
18.000000	9.000000	3.088860e-10
18.000000	10.000000	7.831010e-10
18.000000	11.000000	6.816825e-10
18.000000	12.000000	1.511191e-09
18.000000	13.000000	1.220161e-09
18.000000	14.000000	2.402031e-09
18.000000	15.000000	1.810377e-09
18.000000	16.000000	3.203544e-09
18.000000	17.000000	2.265786e-09
18.000000	18.000000	3.639553e-09
18.000000	19.000000	2.426571e-09
18.000000	20.000000	3.567107e-09
18.000000	21.000000	2.250641e-09
18.000000	22.000000	3.048526e-09
18.000000	23.000000	1.826404e-09
18.000000	24.000000	2.292839e-09
18.000000	25.000000	1.308256e-09
18.000000	26.000000	1.529858e-09
18.000000	27.000000	8.335500e-10
18.000000	28.000000	9.119758e-10
18.000000	29.000000	4.756123e-10
18.000000	30.000000	4.887454e-10
18.000000	31.000000	2.444926e-10
18.000000	32.000000	2.367936e-10
18.000000	33.000000	1.138419e-10
18.000000	34.000000	1.042365e-10
18.000000	35.000000	4.824600e-11
18.000000	36.000000	4.187909e-11
18.000000	37.000000	1.869141e-11
18.000000	38.000000	1.542010e-11
18.000000	39.000000	6.646168e-12
18.000000	40.000000	5.222972e-12
18.000000	41.000000	2.176842e-12
18.000000	42.000000	1.632981e-12
18.000000	43.000000	6.589555e-13
18.000000	44.000000	4.727696e-13
18.000000	45.000000	1.849231e-13
18.000000	46.000000	1.271130e-13
18.000000	47.000000	4.824625e-14
18.000000	48.000000	3.182546e-14
18.000000	49.000000	1.173313e-14

19.000000	0.000000	1.929651e-13
19.000000	1.000000	1.301537e-12
19.000000	2.000000	1.834919e-12
19.000000	3.000000	9.163391e-12
19.000000	4.000000	1.128593e-11
19.000000	5.000000	4.385441e-11
19.000000	6.000000	4.819616e-11
19.000000	7.000000	1.534545e-10
19.000000	8.000000	1.527723e-10
19.000000	9.000000	4.120725e-10
19.000000	10.000000	3.757867e-10
19.000000	11.000000	8.790046e-10
19.000000	12.000000	7.406781e-10
19.000000	13.000000	1.528815e-09
19.000000	14.000000	1.198682e-09
19.000000	15.000000	2.212886e-09
19.000000	16.000000	1.623808e-09
19.000000	17.000000	2.710180e-09
19.000000	18.000000	1.870346e-09
19.000000	19.000000	2.847243e-09
19.000000	20.000000	1.855728e-09
19.000000	21.000000	2.595697e-09
19.000000	22.000000	1.603563e-09
19.000000	23.000000	2.073839e-09
19.000000	24.000000	1.218234e-09
19.000000	25.000000	1.464539e-09
19.000000	26.000000	8.203545e-10
19.000000	27.000000	9.210427e-10
19.000000	28.000000	4.931895e-10
19.000000	29.000000	5.192532e-10
19.000000	30.000000	2.663929e-10
19.000000	31.000000	2.639674e-10
19.000000	32.000000	1.300121e-10
19.000000	33.000000	1.216405e-10
19.000000	34.000000	5.762362e-11
19.000000	35.000000	5.105319e-11
19.000000	36.000000	2.330031e-11
19.000000	37.000000	1.959974e-11
19.000000	38.000000	8.631215e-12
19.000000	39.000000	6.909710e-12
19.000000	40.000000	2.940196e-12
19.000000	41.000000	2.244945e-12
19.000000	42.000000	9.242320e-13
19.000000	43.000000	6.743955e-13
19.000000	44.000000	2.689496e-13
19.000000	45.000000	1.878892e-13
19.000000	46.000000	7.266467e-14
19.000000	47.000000	4.868366e-14
19.000000	48.000000	1.827764e-14
19.000000	49.000000	1.176214e-14

20.000000	0.000000	3.151172e-13
20.000000	1.000000	4.983455e-13
20.000000	2.000000	2.860262e-12
20.000000	3.000000	3.781508e-12
20.000000	4.000000	1.625226e-11
20.000000	5.000000	1.898122e-11
20.000000	6.000000	6.550067e-11
20.000000	7.000000	6.881665e-11
20.000000	8.000000	1.985028e-10
20.000000	9.000000	1.900256e-10
20.000000	10.000000	4.708327e-10
20.000000	11.000000	4.147121e-10
20.000000	12.000000	9.002666e-10
20.000000	13.000000	7.352820e-10
20.000000	14.000000	1.419675e-09
20.000000	15.000000	1.082010e-09
20.000000	16.000000	1.880335e-09
20.000000	17.000000	1.344445e-09
20.000000	18.000000	2.123225e-09
20.000000	19.000000	1.430643e-09
20.000000	20.000000	2.069632e-09
20.000000	21.000000	1.319314e-09
20.000000	22.000000	1.760084e-09
20.000000	23.000000	1.065085e-09
20.000000	24.000000	1.317903e-09
20.000000	25.000000	7.593288e-10
20.000000	26.000000	8.757844e-10
20.000000	27.000000	4.817188e-10
20.000000	28.000000	5.201305e-10
20.000000	29.000000	2.737730e-10
20.000000	30.000000	2.777930e-10
20.000000	31.000000	1.402201e-10
20.000000	32.000000	1.341619e-10
20.000000	33.000000	6.506822e-11
20.000000	34.000000	5.888400e-11
20.000000	35.000000	2.748856e-11
20.000000	36.000000	2.359281e-11
20.000000	37.000000	1.061811e-11
20.000000	38.000000	8.664655e-12
20.000000	39.000000	3.765057e-12
20.000000	40.000000	2.927741e-12
20.000000	41.000000	1.229971e-12
20.000000	42.000000	9.132901e-13
20.000000	43.000000	3.714129e-13
20.000000	44.000000	2.638432e-13
20.000000	45.000000	1.039883e-13
20.000000	46.000000	7.079551e-14
20.000000	47.000000	2.707088e-14
20.000000	48.000000	1.769116e-14
20.000000	49.000000	6.569732e-15

21.000000	0.000000	1.214454e-13
21.000000	1.000000	7.829924e-13
21.000000	2.000000	1.116878e-12
21.000000	3.000000	5.382935e-12
21.000000	4.000000	6.709047e-12
21.000000	5.000000	2.530937e-11
21.000000	6.000000	2.814596e-11
21.000000	7.000000	8.734025e-11
21.000000	8.000000	8.796958e-11
21.000000	9.000000	2.318980e-10
21.000000	10.000000	2.138982e-10
21.000000	11.000000	4.900109e-10
21.000000	12.000000	4.175068e-10
21.000000	13.000000	8.453978e-10
21.000000	14.000000	6.700424e-10
21.000000	15.000000	1.215126e-09
21.000000	16.000000	9.010755e-10
21.000000	17.000000	1.479056e-09
21.000000	18.000000	1.031211e-09
21.000000	19.000000	1.545376e-09
21.000000	20.000000	1.017281e-09
21.000000	21.000000	1.401952e-09
21.000000	22.000000	8.745092e-10
21.000000	23.000000	1.115142e-09
21.000000	24.000000	6.612586e-10
21.000000	25.000000	7.843432e-10
21.000000	26.000000	4.433876e-10
21.000000	27.000000	4.914561e-10
21.000000	28.000000	2.655161e-10
21.000000	29.000000	2.761297e-10
21.000000	30.000000	1.428987e-10
21.000000	31.000000	1.399347e-10
21.000000	32.000000	6.950800e-11
21.000000	33.000000	6.429740e-11
21.000000	34.000000	3.071140e-11
21.000000	35.000000	2.691318e-11
21.000000	36.000000	1.238225e-11
21.000000	37.000000	1.030616e-11
21.000000	38.000000	4.574355e-12
21.000000	39.000000	3.624766e-12
21.000000	40.000000	1.554271e-12
21.000000	41.000000	1.175063e-12
21.000000	42.000000	4.874041e-13
21.000000	43.000000	3.522585e-13
21.000000	44.000000	1.415128e-13
21.000000	45.000000	9.794686e-14
21.000000	46.000000	3.815208e-14
21.000000	47.000000	2.533142e-14
21.000000	48.000000	9.577099e-15
21.000000	49.000000	6.109307e-15

22.000000	0.000000	1.787758e-13
22.000000	1.000000	2.861646e-13
22.000000	2.000000	1.581421e-12
22.000000	3.000000	2.114647e-12
22.000000	4.000000	8.813989e-12
22.000000	5.000000	1.041175e-11
22.000000	6.000000	3.500090e-11
22.000000	7.000000	3.718842e-11
22.000000	8.000000	1.048226e-10
22.000000	9.000000	1.014574e-10
22.000000	10.000000	2.462083e-10
22.000000	11.000000	2.192055e-10
22.000000	12.000000	4.668851e-10
22.000000	13.000000	3.853363e-10
22.000000	14.000000	7.310203e-10
22.000000	15.000000	5.628540e-10
22.000000	16.000000	9.622079e-10
22.000000	17.000000	6.948309e-10
22.000000	18.000000	1.080531e-09
22.000000	19.000000	7.351163e-10
22.000000	20.000000	1.048091e-09
22.000000	21.000000	6.744077e-10
22.000000	22.000000	8.873961e-10
22.000000	23.000000	5.419086e-10
22.000000	24.000000	6.617984e-10
22.000000	25.000000	3.847011e-10
22.000000	26.000000	4.381787e-10
22.000000	27.000000	2.431065e-10
22.000000	28.000000	2.593640e-10
22.000000	29.000000	1.376699e-10
22.000000	30.000000	1.380946e-10
22.000000	31.000000	7.027851e-11
22.000000	32.000000	6.650316e-11
22.000000	33.000000	3.251241e-11
22.000000	34.000000	2.911094e-11
22.000000	35.000000	1.369594e-11
22.000000	36.000000	1.163489e-11
22.000000	37.000000	5.276285e-12
22.000000	38.000000	4.263117e-12
22.000000	39.000000	1.866237e-12
22.000000	40.000000	1.437355e-12
22.000000	41.000000	6.082323e-13
22.000000	42.000000	4.474569e-13
22.000000	43.000000	1.832610e-13
22.000000	44.000000	1.290179e-13
22.000000	45.000000	5.120224e-14
22.000000	46.000000	3.455549e-14
22.000000	47.000000	1.330293e-14
22.000000	48.000000	8.620181e-15
22.000000	49.000000	3.222380e-15

23.000000	0.000000	6.603156e-14
23.000000	1.000000	4.087744e-13
23.000000	2.000000	5.894354e-13
23.000000	3.000000	2.750907e-12
23.000000	4.000000	3.466315e-12
23.000000	5.000000	1.272956e-11
23.000000	6.000000	1.431084e-11
23.000000	7.000000	4.338172e-11
23.000000	8.000000	4.416317e-11
23.000000	9.000000	1.140135e-10
23.000000	10.000000	1.062666e-10
23.000000	11.000000	2.388660e-10
23.000000	12.000000	2.056019e-10
23.000000	13.000000	4.091096e-10
23.000000	14.000000	3.274743e-10
23.000000	15.000000	5.843172e-10
23.000000	16.000000	4.374888e-10
23.000000	17.000000	7.072838e-10
23.000000	18.000000	4.977590e-10
23.000000	19.000000	7.353513e-10
23.000000	20.000000	4.884856e-10
23.000000	21.000000	6.641528e-10
23.000000	22.000000	4.179658e-10
23.000000	23.000000	5.261691e-10
23.000000	24.000000	3.147052e-10
23.000000	25.000000	3.687397e-10
23.000000	26.000000	2.102009e-10
23.000000	27.000000	2.302779e-10
23.000000	28.000000	1.254295e-10
23.000000	29.000000	1.289885e-10
23.000000	30.000000	6.728457e-11
23.000000	31.000000	6.518316e-11
23.000000	32.000000	3.262916e-11
23.000000	33.000000	2.987203e-11
23.000000	34.000000	1.437632e-11
23.000000	35.000000	1.247316e-11
23.000000	36.000000	5.781056e-12
23.000000	37.000000	4.765611e-12
23.000000	38.000000	2.130443e-12
23.000000	39.000000	1.672531e-12
23.000000	40.000000	7.222127e-13
23.000000	41.000000	5.411081e-13
23.000000	42.000000	2.259878e-13
23.000000	43.000000	1.619062e-13
23.000000	44.000000	6.547905e-14
23.000000	45.000000	4.493836e-14
23.000000	46.000000	1.761911e-14
23.000000	47.000000	1.160252e-14
23.000000	48.000000	4.414716e-15
23.000000	49.000000	2.793758e-15

24.000000	0.000000	8.836315e-14
24.000000	1.000000	1.430257e-13
24.000000	2.000000	7.636869e-13
24.000000	3.000000	1.031970e-12
24.000000	4.000000	4.182898e-12
24.000000	5.000000	4.993292e-12
24.000000	6.000000	1.638981e-11
24.000000	7.000000	1.759537e-11
24.000000	8.000000	4.856138e-11
24.000000	9.000000	4.748122e-11
24.000000	10.000000	1.130539e-10
24.000000	11.000000	1.016549e-10
24.000000	12.000000	2.127805e-10
24.000000	13.000000	1.773135e-10
24.000000	14.000000	3.310106e-10
24.000000	15.000000	2.572608e-10
24.000000	16.000000	4.332379e-10
24.000000	17.000000	3.157106e-10
24.000000	18.000000	4.840884e-10
24.000000	19.000000	3.322662e-10
24.000000	20.000000	4.674656e-10
24.000000	21.000000	3.033958e-10
24.000000	22.000000	3.942079e-10
24.000000	23.000000	2.427548e-10
24.000000	24.000000	2.929233e-10
24.000000	25.000000	1.716672e-10
24.000000	26.000000	1.933032e-10
24.000000	27.000000	1.081000e-10
24.000000	28.000000	1.140714e-10
24.000000	29.000000	6.101790e-11
24.000000	30.000000	6.056568e-11
24.000000	31.000000	3.105542e-11
24.000000	32.000000	2.909150e-11
24.000000	33.000000	1.432699e-11
24.000000	34.000000	1.270381e-11
24.000000	35.000000	6.019665e-12
24.000000	36.000000	5.065991e-12
24.000000	37.000000	2.313434e-12
24.000000	38.000000	1.852323e-12
24.000000	39.000000	8.164137e-13
24.000000	40.000000	6.233002e-13
24.000000	41.000000	2.655137e-13
24.000000	42.000000	1.936774e-13
24.000000	43.000000	7.983898e-14
24.000000	44.000000	5.574656e-14
24.000000	45.000000	2.226434e-14
24.000000	46.000000	1.490619e-14
24.000000	47.000000	5.774150e-15
24.000000	48.000000	3.712663e-15
24.000000	49.000000	1.396296e-15

25.000000	0.000000	3.135333e-14
25.000000	1.000000	1.870698e-13
25.000000	2.000000	2.724780e-13
25.000000	3.000000	1.234864e-12
25.000000	4.000000	1.571856e-12
25.000000	5.000000	5.632212e-12
25.000000	6.000000	6.395773e-12
25.000000	7.000000	1.897724e-11
25.000000	8.000000	1.951050e-11
25.000000	9.000000	4.941442e-11
25.000000	10.000000	4.650245e-11
25.000000	11.000000	1.027252e-10
25.000000	12.000000	8.925304e-11
25.000000	13.000000	1.747749e-10
25.000000	14.000000	1.411819e-10
25.000000	15.000000	2.481905e-10
25.000000	16.000000	1.874803e-10
25.000000	17.000000	2.989027e-10
25.000000	18.000000	2.121778e-10
25.000000	19.000000	3.093686e-10
25.000000	20.000000	2.072400e-10
25.000000	21.000000	2.782897e-10
25.000000	22.000000	1.765671e-10
25.000000	23.000000	2.196706e-10
25.000000	24.000000	1.324323e-10
25.000000	25.000000	1.534362e-10
25.000000	26.000000	8.814408e-11
25.000000	27.000000	9.553101e-11
25.000000	28.000000	5.242685e-11
25.000000	29.000000	5.336220e-11
25.000000	30.000000	2.803983e-11
25.000000	31.000000	2.689686e-11
25.000000	32.000000	1.356026e-11
25.000000	33.000000	1.229690e-11
25.000000	34.000000	5.959315e-12
25.000000	35.000000	5.123229e-12
25.000000	36.000000	2.390659e-12
25.000000	37.000000	1.953376e-12
25.000000	38.000000	8.790405e-13
25.000000	39.000000	6.842241e-13
25.000000	40.000000	2.973667e-13
25.000000	41.000000	2.209613e-13
25.000000	42.000000	9.286550e-14
25.000000	43.000000	6.600083e-14
25.000000	44.000000	2.685731e-14
25.000000	45.000000	1.828936e-14
25.000000	46.000000	7.214046e-15
25.000000	47.000000	4.714840e-15
25.000000	48.000000	1.804565e-15
25.000000	49.000000	1.133629e-15

26.000000	0.000000	3.841530e-14
26.000000	1.000000	6.282398e-14
26.000000	2.000000	3.250688e-13
26.000000	3.000000	4.435786e-13
26.000000	4.000000	1.752532e-12
26.000000	5.000000	2.112550e-12
26.000000	6.000000	6.783805e-12
26.000000	7.000000	7.353017e-12
26.000000	8.000000	1.990420e-11
26.000000	9.000000	1.964503e-11
26.000000	10.000000	4.596483e-11
26.000000	11.000000	4.171024e-11
26.000000	12.000000	8.592050e-11
26.000000	13.000000	7.223943e-11
26.000000	14.000000	1.328750e-10
26.000000	15.000000	1.041683e-10
26.000000	16.000000	1.730165e-10
26.000000	17.000000	1.271468e-10
26.000000	18.000000	1.924445e-10
26.000000	19.000000	1.331741e-10
26.000000	20.000000	1.850815e-10
26.000000	21.000000	1.210813e-10
26.000000	22.000000	1.555064e-10
26.000000	23.000000	9.650502e-11
26.000000	24.000000	1.151690e-10
26.000000	25.000000	6.800441e-11
26.000000	26.000000	7.577163e-11
26.000000	27.000000	4.268487e-11
26.000000	28.000000	4.459021e-11
26.000000	29.000000	2.402243e-11
26.000000	30.000000	2.361454e-11
26.000000	31.000000	1.219290e-11
26.000000	32.000000	1.131597e-11
26.000000	33.000000	5.610750e-12
26.000000	34.000000	4.930665e-12
26.000000	35.000000	2.351855e-12
26.000000	36.000000	1.962215e-12
26.000000	37.000000	9.018526e-13
26.000000	38.000000	7.160889e-13
26.000000	39.000000	3.176065e-13
26.000000	40.000000	2.405287e-13
26.000000	41.000000	1.030910e-13
26.000000	42.000000	7.461301e-14
26.000000	43.000000	3.094230e-14
26.000000	44.000000	2.144180e-14
26.000000	45.000000	8.613814e-15
26.000000	46.000000	5.724733e-15
26.000000	47.000000	2.230292e-15
26.000000	48.000000	1.423815e-15
26.000000	49.000000	5.384881e-16

27.000000	0.000000	1.312191e-14
27.000000	1.000000	7.569833e-14
27.000000	2.000000	1.113020e-13
27.000000	3.000000	4.909990e-13
27.000000	4.000000	6.309205e-13
27.000000	5.000000	2.210105e-12
27.000000	6.000000	2.533286e-12
27.000000	7.000000	7.369777e-12
27.000000	8.000000	7.646597e-12
27.000000	9.000000	1.902791e-11
27.000000	10.000000	1.806741e-11
27.000000	11.000000	3.927602e-11
27.000000	12.000000	3.442340e-11
27.000000	13.000000	6.641882e-11
27.000000	14.000000	5.410871e-11
27.000000	15.000000	9.382246e-11
27.000000	16.000000	7.145793e-11
27.000000	17.000000	1.124703e-10
27.000000	18.000000	8.047863e-11
27.000000	19.000000	1.159299e-10
27.000000	20.000000	7.826508e-11
27.000000	21.000000	1.038994e-10
27.000000	22.000000	6.642131e-11
27.000000	23.000000	8.174098e-11
27.000000	24.000000	4.964252e-11
27.000000	25.000000	5.692190e-11
27.000000	26.000000	3.293446e-11
27.000000	27.000000	3.534211e-11
27.000000	28.000000	1.953103e-11
27.000000	29.000000	1.969136e-11
27.000000	30.000000	1.041746e-11
27.000000	31.000000	9.901988e-12
27.000000	32.000000	5.025247e-12
27.000000	33.000000	4.517203e-12
27.000000	34.000000	2.203265e-12
27.000000	35.000000	1.878178e-12
27.000000	36.000000	8.819371e-13
27.000000	37.000000	7.147530e-13
27.000000	38.000000	3.236233e-13
27.000000	39.000000	2.499182e-13
27.000000	40.000000	1.092670e-13
27.000000	41.000000	8.057342e-14
27.000000	42.000000	3.406168e-14
27.000000	43.000000	2.402941e-14
27.000000	44.000000	9.834077e-15
27.000000	45.000000	6.648881e-15
27.000000	46.000000	2.637241e-15
27.000000	47.000000	1.711621e-15
27.000000	48.000000	6.586887e-16
27.000000	49.000000	4.109922e-16

28.000000	0.000000	1.481139e-14
28.000000	1.000000	2.445580e-14
28.000000	2.000000	1.229350e-13
28.000000	3.000000	1.692925e-13
28.000000	4.000000	6.532587e-13
28.000000	5.000000	7.946468e-13
28.000000	6.000000	2.500630e-12
28.000000	7.000000	2.734801e-12
28.000000	8.000000	7.271590e-12
28.000000	9.000000	7.239925e-12
28.000000	10.000000	1.666816e-11
28.000000	11.000000	1.525471e-11
28.000000	12.000000	3.096205e-11
28.000000	13.000000	2.624857e-11
28.000000	14.000000	4.762380e-11
28.000000	15.000000	3.763691e-11
28.000000	16.000000	6.171816e-11
28.000000	17.000000	4.571196e-11
28.000000	18.000000	6.836187e-11
28.000000	19.000000	4.766851e-11
28.000000	20.000000	6.550130e-11
28.000000	21.000000	4.316929e-11
28.000000	22.000000	5.484994e-11
28.000000	23.000000	3.428468e-11
28.000000	24.000000	4.049874e-11
28.000000	25.000000	2.408132e-11
28.000000	26.000000	2.657095e-11
28.000000	27.000000	1.507060e-11
28.000000	28.000000	1.559678e-11
28.000000	29.000000	8.458444e-12
28.000000	30.000000	8.240569e-12
28.000000	31.000000	4.282410e-12
28.000000	32.000000	3.940289e-12
28.000000	33.000000	1.966025e-12
28.000000	34.000000	1.713433e-12
28.000000	35.000000	8.223103e-13
28.000000	36.000000	6.806014e-13
28.000000	37.000000	3.146878e-13
28.000000	38.000000	2.479424e-13
28.000000	39.000000	1.106136e-13
28.000000	40.000000	8.314491e-14
28.000000	41.000000	3.583973e-14
28.000000	42.000000	2.575197e-14
28.000000	43.000000	1.073905e-14
28.000000	44.000000	7.389630e-15
28.000000	45.000000	2.984826e-15
28.000000	46.000000	1.970231e-15
28.000000	47.000000	7.716713e-16
28.000000	48.000000	4.893814e-16
28.000000	49.000000	1.860490e-16

29.000000	0.000000	4.879525e-15
29.000000	1.000000	2.729097e-14
29.000000	2.000000	4.048299e-14
29.000000	3.000000	1.741959e-13
29.000000	4.000000	2.258237e-13
29.000000	5.000000	7.746686e-13
29.000000	6.000000	8.957335e-13
29.000000	7.000000	2.558657e-12
29.000000	8.000000	2.677569e-12
29.000000	9.000000	6.554842e-12
29.000000	10.000000	6.276109e-12
29.000000	11.000000	1.344188e-11
29.000000	12.000000	1.187716e-11
29.000000	13.000000	2.260461e-11
29.000000	14.000000	1.856099e-11
29.000000	15.000000	3.177649e-11
29.000000	16.000000	2.438826e-11
29.000000	17.000000	3.793017e-11
29.000000	18.000000	2.734416e-11
29.000000	19.000000	3.894905e-11
29.000000	20.000000	2.648595e-11
29.000000	21.000000	3.478883e-11
29.000000	22.000000	2.239716e-11
29.000000	23.000000	2.728571e-11
29.000000	24.000000	1.668490e-11
29.000000	25.000000	1.894805e-11
29.000000	26.000000	1.103646e-11
29.000000	27.000000	1.173468e-11
29.000000	28.000000	6.527109e-12
29.000000	29.000000	6.522854e-12
29.000000	30.000000	3.472698e-12
29.000000	31.000000	3.272998e-12
29.000000	32.000000	1.671296e-12
29.000000	33.000000	1.490126e-12
29.000000	34.000000	7.311815e-13
29.000000	35.000000	6.184156e-13
29.000000	36.000000	2.920935e-13
29.000000	37.000000	2.349329e-13
29.000000	38.000000	1.069809e-13
29.000000	39.000000	8.201211e-14
29.000000	40.000000	3.605687e-14
29.000000	41.000000	2.640018e-14
29.000000	42.000000	1.122130e-14
29.000000	43.000000	7.861983e-15
29.000000	44.000000	3.234670e-15
29.000000	45.000000	2.172432e-15
29.000000	46.000000	8.661687e-16
29.000000	47.000000	5.585291e-16
29.000000	48.000000	2.160344e-16
29.000000	49.000000	1.339496e-16

30.000000	0.000000	5.101343e-15
30.000000	1.000000	8.498818e-15
30.000000	2.000000	4.159523e-14
30.000000	3.000000	5.777348e-14
30.000000	4.000000	2.181128e-13
30.000000	5.000000	2.675897e-13
30.000000	6.000000	8.263952e-13
30.000000	7.000000	9.113803e-13
30.000000	8.000000	2.383322e-12
30.000000	9.000000	2.392429e-12
30.000000	10.000000	5.425891e-12
30.000000	11.000000	5.005487e-12
30.000000	12.000000	1.002068e-11
30.000000	13.000000	8.561238e-12
30.000000	14.000000	1.533638e-11
30.000000	15.000000	1.221185e-11
30.000000	16.000000	1.978866e-11
30.000000	17.000000	1.476418e-11
30.000000	18.000000	2.183445e-11
30.000000	19.000000	1.533367e-11
30.000000	20.000000	2.084891e-11
30.000000	21.000000	1.383592e-11
30.000000	22.000000	1.740463e-11
30.000000	23.000000	1.095230e-11
30.000000	24.000000	1.281479e-11
30.000000	25.000000	7.669856e-12
30.000000	26.000000	8.386222e-12
30.000000	27.000000	4.786857e-12
30.000000	28.000000	4.911071e-12
30.000000	29.000000	2.679906e-12
30.000000	30.000000	2.589171e-12
30.000000	31.000000	1.353661e-12
30.000000	32.000000	1.235561e-12
30.000000	33.000000	6.201211e-13
30.000000	34.000000	5.362876e-13
30.000000	35.000000	2.588533e-13
30.000000	36.000000	2.126536e-13
30.000000	37.000000	9.887488e-14
30.000000	38.000000	7.734438e-14
30.000000	39.000000	3.469396e-14
30.000000	40.000000	2.589734e-14
30.000000	41.000000	1.122265e-14
30.000000	42.000000	8.009601e-15
30.000000	43.000000	3.357556e-15
30.000000	44.000000	2.295299e-15
30.000000	45.000000	9.318384e-16
30.000000	46.000000	6.111977e-16
30.000000	47.000000	2.405760e-16
30.000000	48.000000	1.516314e-16
30.000000	49.000000	5.792642e-17

31.000000	0.000000	1.623596e-15
31.000000	1.000000	8.824618e-15
31.000000	2.000000	1.319964e-14
31.000000	3.000000	5.550063e-14
31.000000	4.000000	7.254951e-14
31.000000	5.000000	2.440796e-13
31.000000	6.000000	2.845458e-13
31.000000	7.000000	7.991004e-13
31.000000	8.000000	8.429719e-13
31.000000	9.000000	2.032469e-12
31.000000	10.000000	1.961317e-12
31.000000	11.000000	4.142849e-12
31.000000	12.000000	3.688546e-12
31.000000	13.000000	6.930967e-12
31.000000	14.000000	5.733355e-12
31.000000	15.000000	9.699646e-12
31.000000	16.000000	7.498085e-12
31.000000	17.000000	1.153249e-11
31.000000	18.000000	8.372090e-12
31.000000	19.000000	1.180090e-11
31.000000	20.000000	8.079400e-12
31.000000	21.000000	1.050741e-11
31.000000	22.000000	6.809447e-12
31.000000	23.000000	8.217902e-12
31.000000	24.000000	5.057475e-12
31.000000	25.000000	5.692097e-12
31.000000	26.000000	3.336157e-12
31.000000	27.000000	3.516877e-12
31.000000	28.000000	1.968084e-12
31.000000	29.000000	1.950675e-12
31.000000	30.000000	1.044676e-12
31.000000	31.000000	9.768468e-13
31.000000	32.000000	5.016903e-13
31.000000	33.000000	4.439157e-13
31.000000	34.000000	2.190489e-13
31.000000	35.000000	1.839124e-13
31.000000	36.000000	8.734336e-14
31.000000	37.000000	6.975527e-14
31.000000	38.000000	3.193440e-14
31.000000	39.000000	2.431409e-14
31.000000	40.000000	1.074563e-14
31.000000	41.000000	7.815801e-15
31.000000	42.000000	3.339029e-15
31.000000	43.000000	2.324455e-15
31.000000	44.000000	9.611210e-16
31.000000	45.000000	6.414901e-16
31.000000	46.000000	2.570136e-16
31.000000	47.000000	1.647303e-16
31.000000	48.000000	6.401965e-17
31.000000	49.000000	3.946206e-17

32.000000	0.000000	1.579577e-15
32.000000	1.000000	2.653725e-15
32.000000	2.000000	1.266951e-14
32.000000	3.000000	1.773990e-14
32.000000	4.000000	6.562477e-14
32.000000	5.000000	8.115875e-14
32.000000	6.000000	2.462935e-13
32.000000	7.000000	2.737671e-13
32.000000	8.000000	7.049052e-13
32.000000	9.000000	7.130545e-13
32.000000	10.000000	1.594665e-12
32.000000	11.000000	1.482150e-12
32.000000	12.000000	2.929313e-12
32.000000	13.000000	2.520939e-12
32.000000	14.000000	4.462553e-12
32.000000	15.000000	3.578569e-12
32.000000	16.000000	5.734850e-12
32.000000	17.000000	4.308190e-12
32.000000	18.000000	6.305168e-12
32.000000	19.000000	4.457545e-12
32.000000	20.000000	6.001415e-12
32.000000	21.000000	4.008595e-12
32.000000	22.000000	4.995626e-12
32.000000	23.000000	3.163488e-12
32.000000	24.000000	3.668672e-12
32.000000	25.000000	2.209253e-12
32.000000	26.000000	2.395166e-12
32.000000	27.000000	1.375337e-12
32.000000	28.000000	1.399599e-12
32.000000	29.000000	7.681884e-13
32.000000	30.000000	7.364115e-13
32.000000	31.000000	3.871908e-13
32.000000	32.000000	3.507694e-13
32.000000	33.000000	1.770218e-13
32.000000	34.000000	1.519883e-13
32.000000	35.000000	7.375626e-14
32.000000	36.000000	6.017153e-14
32.000000	37.000000	2.812415e-14
32.000000	38.000000	2.185234e-14
32.000000	39.000000	9.852425e-15
32.000000	40.000000	7.306607e-15
32.000000	41.000000	3.182168e-15
32.000000	42.000000	2.256831e-15
32.000000	43.000000	9.506662e-16
32.000000	44.000000	6.459333e-16
32.000000	45.000000	2.634857e-16
32.000000	46.000000	1.717988e-16
32.000000	47.000000	6.793788e-17
32.000000	48.000000	4.257403e-17
32.000000	49.000000	1.633836e-17

33.000000	0.000000	4.864039e-16
33.000000	1.000000	2.574462e-15
33.000000	2.000000	3.881185e-15
33.000000	3.000000	1.597193e-14
33.000000	4.000000	2.104226e-14
33.000000	5.000000	6.951925e-14
33.000000	6.000000	8.167253e-14
33.000000	7.000000	2.257502e-13
33.000000	8.000000	2.399483e-13
33.000000	9.000000	5.703611e-13
33.000000	10.000000	5.544573e-13
33.000000	11.000000	1.156091e-12
33.000000	12.000000	1.036704e-12
33.000000	13.000000	1.924891e-12
33.000000	14.000000	1.603393e-12
33.000000	15.000000	2.682637e-12
33.000000	16.000000	2.087800e-12
33.000000	17.000000	3.177907e-12
33.000000	18.000000	2.322206e-12
33.000000	19.000000	3.241323e-12
33.000000	20.000000	2.233340e-12
33.000000	21.000000	2.877658e-12
33.000000	22.000000	1.876490e-12
33.000000	23.000000	2.244728e-12
33.000000	24.000000	1.389803e-12
33.000000	25.000000	1.551095e-12
33.000000	26.000000	9.144461e-13
33.000000	27.000000	9.562592e-13
33.000000	28.000000	5.381952e-13
33.000000	29.000000	5.293380e-13
33.000000	30.000000	2.850642e-13
33.000000	31.000000	2.645888e-13
33.000000	32.000000	1.366253e-13
33.000000	33.000000	1.200331e-13
33.000000	34.000000	5.954329e-14
33.000000	35.000000	4.965001e-14
33.000000	36.000000	2.370131e-14
33.000000	37.000000	1.880352e-14
33.000000	38.000000	8.651681e-15
33.000000	39.000000	6.545082e-15
33.000000	40.000000	2.906807e-15
33.000000	41.000000	2.101177e-15
33.000000	42.000000	9.019579e-16
33.000000	43.000000	6.241302e-16
33.000000	44.000000	2.592752e-16
33.000000	45.000000	1.720439e-16
33.000000	46.000000	6.924491e-17
33.000000	47.000000	4.413113e-17
33.000000	48.000000	1.722753e-17
33.000000	49.000000	1.056084e-17

34.000000	0.000000	4.422105e-16
34.000000	1.000000	7.487970e-16
34.000000	2.000000	3.493141e-15
34.000000	3.000000	4.928552e-15
34.000000	4.000000	1.788884e-14
34.000000	5.000000	2.229115e-14
34.000000	6.000000	6.654891e-14
34.000000	7.000000	7.452301e-14
34.000000	8.000000	1.891196e-13
34.000000	9.000000	1.926957e-13
34.000000	10.000000	4.253241e-13
34.000000	11.000000	3.981089e-13
34.000000	12.000000	7.774108e-13
34.000000	13.000000	6.736288e-13
34.000000	14.000000	1.179237e-12
34.000000	15.000000	9.519539e-13
34.000000	16.000000	1.509762e-12
34.000000	17.000000	1.141529e-12
34.000000	18.000000	1.654402e-12
34.000000	19.000000	1.176972e-12
34.000000	20.000000	1.570043e-12
34.000000	21.000000	1.055114e-12
34.000000	22.000000	1.303439e-12
34.000000	23.000000	8.303145e-13
34.000000	24.000000	9.549081e-13
34.000000	25.000000	5.783669e-13
34.000000	26.000000	6.220615e-13
34.000000	27.000000	3.592068e-13
34.000000	28.000000	3.627656e-13
34.000000	29.000000	2.001997e-13
34.000000	30.000000	1.905186e-13
34.000000	31.000000	1.007055e-13
34.000000	32.000000	9.059275e-14
34.000000	33.000000	4.595692e-14
34.000000	34.000000	3.919136e-14
34.000000	35.000000	1.911503e-14
34.000000	36.000000	1.549269e-14
34.000000	37.000000	7.277075e-15
34.000000	38.000000	5.618640e-15
34.000000	39.000000	2.545460e-15
34.000000	40.000000	1.876222e-15
34.000000	41.000000	8.209783e-16
34.000000	42.000000	5.788104e-16
34.000000	43.000000	2.449389e-16
34.000000	44.000000	1.654719e-16
34.000000	45.000000	6.780165e-17
34.000000	46.000000	4.396264e-17
34.000000	47.000000	1.746136e-17
34.000000	48.000000	1.088329e-17
34.000000	49.000000	4.194538e-18

35.000000	0.000000	1.319284e-16
35.000000	1.000000	6.812203e-16
35.000000	2.000000	1.034655e-15
35.000000	3.000000	4.173053e-15
35.000000	4.000000	5.538619e-15
35.000000	5.000000	1.799001e-14
35.000000	6.000000	2.128956e-14
35.000000	7.000000	5.797679e-14
35.000000	8.000000	6.206375e-14
35.000000	9.000000	1.455711e-13
35.000000	10.000000	1.424977e-13
35.000000	11.000000	2.935294e-13
35.000000	12.000000	2.649997e-13
35.000000	13.000000	4.865506e-13
35.000000	14.000000	4.079524e-13
35.000000	15.000000	6.754623e-13
35.000000	16.000000	5.290470e-13
35.000000	17.000000	7.974464e-13
35.000000	18.000000	5.863380e-13
35.000000	19.000000	8.109036e-13
35.000000	20.000000	5.620985e-13
35.000000	21.000000	7.179750e-13
35.000000	22.000000	4.709275e-13
35.000000	23.000000	5.586909e-13
35.000000	24.000000	3.478794e-13
35.000000	25.000000	3.851956e-13
35.000000	26.000000	2.283504e-13
35.000000	27.000000	2.369937e-13
35.000000	28.000000	1.341027e-13
35.000000	29.000000	1.309436e-13
35.000000	30.000000	7.088745e-14
35.000000	31.000000	6.533945e-14
35.000000	32.000000	3.391189e-14
35.000000	33.000000	2.959463e-14
35.000000	34.000000	1.475384e-14
35.000000	35.000000	1.222326e-14
35.000000	36.000000	5.863367e-15
35.000000	37.000000	4.622812e-15
35.000000	38.000000	2.137090e-15
35.000000	39.000000	1.607014e-15
35.000000	40.000000	7.170124e-16
35.000000	41.000000	5.152748e-16
35.000000	42.000000	2.221883e-16
35.000000	43.000000	1.528813e-16
35.000000	44.000000	6.379011e-17
35.000000	45.000000	4.209681e-17
35.000000	46.000000	1.701639e-17
35.000000	47.000000	1.078726e-17
35.000000	48.000000	4.228795e-18
35.000000	49.000000	2.578955e-18

36.000000	0.000000	1.125013e-16
36.000000	1.000000	1.919167e-16
36.000000	2.000000	8.761119e-16
36.000000	3.000000	1.245086e-15
36.000000	4.000000	4.439415e-15
36.000000	5.000000	5.571630e-15
36.000000	6.000000	1.638020e-14
36.000000	7.000000	1.847202e-14
36.000000	8.000000	4.624247e-14
36.000000	9.000000	4.744033e-14
36.000000	10.000000	1.034286e-13
36.000000	11.000000	9.745711e-14
36.000000	12.000000	1.881702e-13
36.000000	13.000000	1.641082e-13
36.000000	14.000000	2.842888e-13
36.000000	15.000000	2.309422e-13
36.000000	16.000000	3.626976e-13
36.000000	17.000000	2.759142e-13
36.000000	18.000000	3.962161e-13
36.000000	19.000000	2.835517e-13
36.000000	20.000000	3.749753e-13
36.000000	21.000000	2.534503e-13
36.000000	22.000000	3.105293e-13
36.000000	23.000000	1.989241e-13
36.000000	24.000000	2.269845e-13
36.000000	25.000000	1.382306e-13
36.000000	26.000000	1.475630e-13
36.000000	27.000000	8.566259e-14
36.000000	28.000000	8.589235e-14
36.000000	29.000000	4.764677e-14
36.000000	30.000000	4.503134e-14
36.000000	31.000000	2.392292e-14
36.000000	32.000000	2.137847e-14
36.000000	33.000000	1.089837e-14
36.000000	34.000000	9.234833e-15
36.000000	35.000000	4.525722e-15
36.000000	36.000000	3.645567e-15
36.000000	37.000000	1.720356e-15
36.000000	38.000000	1.320409e-15
36.000000	39.000000	6.009214e-16
36.000000	40.000000	4.403880e-16
36.000000	41.000000	1.935575e-16
36.000000	42.000000	1.357042e-16
36.000000	43.000000	5.767619e-17
36.000000	44.000000	3.875387e-17
36.000000	45.000000	1.594666e-17
36.000000	46.000000	1.028571e-17
36.000000	47.000000	4.102283e-18
36.000000	48.000000	2.543862e-18
36.000000	49.000000	9.844068e-19

37.000000	0.000000	3.255797e-17
37.000000	1.000000	1.642728e-16
37.000000	2.000000	2.512687e-16
37.000000	3.000000	9.944989e-16
37.000000	4.000000	1.329219e-15
37.000000	5.000000	4.249042e-15
37.000000	6.000000	5.063179e-15
37.000000	7.000000	1.359666e-14
37.000000	8.000000	1.465363e-14
37.000000	9.000000	3.394145e-14
37.000000	10.000000	3.344380e-14
37.000000	11.000000	6.810665e-14
37.000000	12.000000	6.188090e-14
37.000000	13.000000	1.124230e-13
37.000000	14.000000	9.484857e-14
37.000000	15.000000	1.555092e-13
37.000000	16.000000	1.225366e-13
37.000000	17.000000	1.830098e-13
37.000000	18.000000	1.353513e-13
37.000000	19.000000	1.855730e-13
37.000000	20.000000	1.293682e-13
37.000000	21.000000	1.638912e-13
37.000000	22.000000	1.080938e-13
37.000000	23.000000	1.272406e-13
37.000000	24.000000	7.965571e-14
37.000000	25.000000	8.754555e-14
37.000000	26.000000	5.217053e-14
37.000000	27.000000	5.376086e-14
37.000000	28.000000	3.057575e-14
37.000000	29.000000	2.965225e-14
37.000000	30.000000	1.613225e-14
37.000000	31.000000	1.477240e-14
37.000000	32.000000	7.704146e-15
37.000000	33.000000	6.681015e-15
37.000000	34.000000	3.346404e-15
37.000000	35.000000	2.755598e-15
37.000000	36.000000	1.327910e-15
37.000000	37.000000	1.040817e-15
37.000000	38.000000	4.833205e-16
37.000000	39.000000	3.613790e-16
37.000000	40.000000	1.619451e-16
37.000000	41.000000	1.157417e-16
37.000000	42.000000	5.012160e-17
37.000000	43.000000	3.430374e-17
37.000000	44.000000	1.437310e-17
37.000000	45.000000	9.436235e-18
37.000000	46.000000	3.829884e-18
37.000000	47.000000	2.415722e-18
37.000000	48.000000	9.507828e-19
37.000000	49.000000	5.770151e-19

38.000000	0.000000	2.612861e-17
38.000000	1.000000	4.488598e-17
38.000000	2.000000	2.007842e-16
38.000000	3.000000	2.873074e-16
38.000000	4.000000	1.007395e-15
38.000000	5.000000	1.272924e-15
38.000000	6.000000	3.688584e-15
38.000000	7.000000	4.187381e-15
38.000000	8.000000	1.034888e-14
38.000000	9.000000	1.068601e-14
38.000000	10.000000	2.302832e-14
38.000000	11.000000	2.183605e-14
38.000000	12.000000	4.171394e-14
38.000000	13.000000	3.660347e-14
38.000000	14.000000	6.278556e-14
38.000000	15.000000	5.130840e-14
38.000000	16.000000	7.983993e-14
38.000000	17.000000	6.108860e-14
38.000000	18.000000	8.696584e-14
38.000000	19.000000	6.258755e-14
38.000000	20.000000	8.209113e-14
38.000000	21.000000	5.579004e-14
38.000000	22.000000	6.782448e-14
38.000000	23.000000	4.367929e-14
38.000000	24.000000	4.947272e-14
38.000000	25.000000	3.028413e-14
38.000000	26.000000	3.210068e-14
38.000000	27.000000	1.872875e-14
38.000000	28.000000	1.865212e-14
38.000000	29.000000	1.039754e-14
38.000000	30.000000	9.763072e-15
38.000000	31.000000	5.211395e-15
38.000000	32.000000	4.628063e-15
38.000000	33.000000	2.370280e-15
38.000000	34.000000	1.996408e-15
38.000000	35.000000	9.828178e-16
38.000000	36.000000	7.870899e-16
38.000000	37.000000	3.730732e-16
38.000000	38.000000	2.847367e-16
38.000000	39.000000	1.301436e-16
38.000000	40.000000	9.485909e-17
38.000000	41.000000	4.186771e-17
38.000000	42.000000	2.919945e-17
38.000000	43.000000	1.246124e-17
38.000000	44.000000	8.330314e-18
38.000000	45.000000	3.441581e-18
38.000000	46.000000	2.208865e-18
38.000000	47.000000	8.844297e-19
38.000000	48.000000	5.458072e-19
38.000000	49.000000	2.120240e-19

39.000000	0.000000	7.343426e-18
39.000000	1.000000	3.625686e-17
39.000000	2.000000	5.583124e-17
39.000000	3.000000	2.170883e-16
39.000000	4.000000	2.920929e-16
39.000000	5.000000	9.197751e-16
39.000000	6.000000	1.103212e-15
39.000000	7.000000	2.923723e-15
39.000000	8.000000	3.171240e-15
39.000000	9.000000	7.258888e-15
39.000000	10.000000	7.197171e-15
39.000000	11.000000	1.449922e-14
39.000000	12.000000	1.325387e-14
39.000000	13.000000	2.384037e-14
39.000000	14.000000	2.023224e-14
39.000000	15.000000	3.286548e-14
39.000000	16.000000	2.604544e-14
39.000000	17.000000	3.856229e-14
39.000000	18.000000	2.867886e-14
39.000000	19.000000	3.899896e-14
39.000000	20.000000	2.733431e-14
39.000000	21.000000	3.436082e-14
39.000000	22.000000	2.278166e-14
39.000000	23.000000	2.661975e-14
39.000000	24.000000	1.674978e-14
39.000000	25.000000	1.827966e-14
39.000000	26.000000	1.094745e-14
39.000000	27.000000	1.120544e-14
39.000000	28.000000	6.403780e-15
39.000000	29.000000	6.170386e-15
39.000000	30.000000	3.372803e-15
39.000000	31.000000	3.069395e-15
39.000000	32.000000	1.608107e-15
39.000000	33.000000	1.386242e-15
39.000000	34.000000	6.974510e-16
39.000000	35.000000	5.710184e-16
39.000000	36.000000	2.763717e-16
39.000000	37.000000	2.154189e-16
39.000000	38.000000	1.004591e-16
39.000000	39.000000	7.471048e-17
39.000000	40.000000	3.361913e-17
39.000000	41.000000	2.390272e-17
39.000000	42.000000	1.039299e-17
39.000000	43.000000	7.077266e-18
39.000000	44.000000	2.977087e-18
39.000000	45.000000	1.944973e-18
39.000000	46.000000	7.924619e-19
39.000000	47.000000	4.974789e-19
39.000000	48.000000	1.965393e-19
39.000000	49.000000	1.187266e-19

40.000000	0.000000	5.562998e-18
40.000000	1.000000	9.620053e-18
40.000000	2.000000	4.221696e-17
40.000000	3.000000	6.080457e-17
40.000000	4.000000	2.098613e-16
40.000000	5.000000	2.668921e-16
40.000000	6.000000	7.628979e-16
40.000000	7.000000	8.715509e-16
40.000000	8.000000	2.128028e-15
40.000000	9.000000	2.210928e-15
40.000000	10.000000	4.712514e-15
40.000000	11.000000	4.495377e-15
40.000000	12.000000	8.501519e-15
40.000000	13.000000	7.503521e-15
40.000000	14.000000	1.275101e-14
40.000000	15.000000	1.047920e-14
40.000000	16.000000	1.616470e-14
40.000000	17.000000	1.243632e-14
40.000000	18.000000	1.755959e-14
40.000000	19.000000	1.270486e-14
40.000000	20.000000	1.653514e-14
40.000000	21.000000	1.129586e-14
40.000000	22.000000	1.363172e-14
40.000000	23.000000	8.823240e-15
40.000000	24.000000	9.923668e-15
40.000000	25.000000	6.104498e-15
40.000000	26.000000	6.427457e-15
40.000000	27.000000	3.767951e-15
40.000000	28.000000	3.728531e-15
40.000000	29.000000	2.088126e-15
40.000000	30.000000	1.948667e-15
40.000000	31.000000	1.044887e-15
40.000000	32.000000	9.224475e-16
40.000000	33.000000	4.745220e-16
40.000000	34.000000	3.973992e-16
40.000000	35.000000	1.964794e-16
40.000000	36.000000	1.564863e-16
40.000000	37.000000	7.448459e-17
40.000000	38.000000	5.654627e-17
40.000000	39.000000	2.595134e-17
40.000000	40.000000	1.881824e-17
40.000000	41.000000	8.338993e-18
40.000000	42.000000	5.786848e-18
40.000000	43.000000	2.479261e-18
40.000000	44.000000	1.649381e-18
40.000000	45.000000	6.840258e-19
40.000000	46.000000	4.369619e-19
40.000000	47.000000	1.756124e-19
40.000000	48.000000	1.078820e-19
40.000000	49.000000	4.206069e-20

41.000000	0.000000	1.519940e-18
41.000000	1.000000	7.352946e-18
41.000000	2.000000	1.139527e-17
41.000000	3.000000	4.357270e-17
41.000000	4.000000	5.900001e-17
41.000000	5.000000	1.831647e-16
41.000000	6.000000	2.210678e-16
41.000000	7.000000	5.786085e-16
41.000000	8.000000	6.314241e-16
41.000000	9.000000	1.429212e-15
41.000000	10.000000	1.425483e-15
41.000000	11.000000	2.842536e-15
41.000000	12.000000	2.613396e-15
41.000000	13.000000	4.656702e-15
41.000000	14.000000	3.974103e-15
41.000000	15.000000	6.399116e-15
41.000000	16.000000	5.098838e-15
41.000000	17.000000	7.487300e-15
41.000000	18.000000	5.597782e-15
41.000000	19.000000	7.553257e-15
41.000000	20.000000	5.321280e-15
41.000000	21.000000	6.640130e-15
41.000000	22.000000	4.424486e-15
41.000000	23.000000	5.133854e-15
41.000000	24.000000	3.246038e-15
41.000000	25.000000	3.518960e-15
41.000000	26.000000	2.117421e-15
41.000000	27.000000	2.153529e-15
41.000000	28.000000	1.236379e-15
41.000000	29.000000	1.184047e-15
41.000000	30.000000	6.501131e-16
41.000000	31.000000	5.881608e-16
41.000000	32.000000	3.094922e-16
41.000000	33.000000	2.652861e-16
41.000000	34.000000	1.340395e-16
41.000000	35.000000	1.091434e-16
41.000000	36.000000	5.304433e-17
41.000000	37.000000	4.112813e-17
41.000000	38.000000	1.925744e-17
41.000000	39.000000	1.424872e-17
41.000000	40.000000	6.437141e-18
41.000000	41.000000	4.554171e-18
41.000000	42.000000	1.987808e-18
41.000000	43.000000	1.347164e-18
41.000000	44.000000	5.688265e-19
41.000000	45.000000	3.699004e-19
41.000000	46.000000	1.512675e-19
41.000000	47.000000	9.453290e-20
41.000000	48.000000	3.748160e-20
41.000000	49.000000	2.254304e-20

42.000000	0.000000	1.089878e-18
42.000000	1.000000	1.896573e-18
42.000000	2.000000	8.174060e-18
42.000000	3.000000	1.184638e-17
42.000000	4.000000	4.028114e-17
42.000000	5.000000	5.154335e-17
42.000000	6.000000	1.454442e-16
42.000000	7.000000	1.671610e-16
42.000000	8.000000	4.034911e-16
42.000000	9.000000	4.216746e-16
42.000000	10.000000	8.894854e-16
42.000000	11.000000	8.533525e-16
42.000000	12.000000	1.598497e-15
42.000000	13.000000	1.418685e-15
42.000000	14.000000	2.389567e-15
42.000000	15.000000	1.974418e-15
42.000000	16.000000	3.020531e-15
42.000000	17.000000	2.336021e-15
42.000000	18.000000	3.272789e-15
42.000000	19.000000	2.380004e-15
42.000000	20.000000	3.074820e-15
42.000000	21.000000	2.110927e-15
42.000000	22.000000	2.529710e-15
42.000000	23.000000	1.645247e-15
42.000000	24.000000	1.838168e-15
42.000000	25.000000	1.136028e-15
42.000000	26.000000	1.188549e-15
42.000000	27.000000	6.999304e-16
42.000000	28.000000	6.884031e-16
42.000000	29.000000	3.872410e-16
42.000000	30.000000	3.592720e-16
42.000000	31.000000	1.934751e-16
42.000000	32.000000	1.698460e-16
42.000000	33.000000	8.773896e-17
42.000000	34.000000	7.308191e-17
42.000000	35.000000	3.628080e-17
42.000000	36.000000	2.874516e-17
42.000000	37.000000	1.373689e-17
42.000000	38.000000	1.037602e-17
42.000000	39.000000	4.780553e-18
42.000000	40.000000	3.449636e-18
42.000000	41.000000	1.534473e-18
42.000000	42.000000	1.059814e-18
42.000000	43.000000	4.557460e-19
42.000000	44.000000	3.018044e-19
42.000000	45.000000	1.256184e-19
42.000000	46.000000	7.988892e-20
42.000000	47.000000	3.222097e-20
42.000000	48.000000	1.970832e-20
42.000000	49.000000	7.710513e-21

43.000000	0.000000	2.897662e-19
43.000000	1.000000	1.375093e-18
43.000000	2.000000	2.144095e-18
43.000000	3.000000	8.069773e-18
43.000000	4.000000	1.099319e-17
43.000000	5.000000	3.367220e-17
43.000000	6.000000	4.088228e-17
43.000000	7.000000	1.057452e-16
43.000000	8.000000	1.160690e-16
43.000000	9.000000	2.599436e-16
43.000000	10.000000	2.607331e-16
43.000000	11.000000	5.149088e-16
43.000000	12.000000	4.760061e-16
43.000000	13.000000	8.406184e-16
43.000000	14.000000	7.212306e-16
43.000000	15.000000	1.151687e-15
43.000000	16.000000	9.224306e-16
43.000000	17.000000	1.343978e-15
43.000000	18.000000	1.009872e-15
43.000000	19.000000	1.352641e-15
43.000000	20.000000	9.576039e-16
43.000000	21.000000	1.186622e-15
43.000000	22.000000	7.944399e-16
43.000000	23.000000	9.157069e-16
43.000000	24.000000	5.816639e-16
43.000000	25.000000	6.265852e-16
43.000000	26.000000	3.787253e-16
43.000000	27.000000	3.828549e-16
43.000000	28.000000	2.207671e-16
43.000000	29.000000	2.101968e-16
43.000000	30.000000	1.159034e-16
43.000000	31.000000	1.042740e-16
43.000000	32.000000	5.509752e-17
43.000000	33.000000	4.697422e-17
43.000000	34.000000	2.383060e-17
43.000000	35.000000	1.930394e-17
43.000000	36.000000	9.418916e-18
43.000000	37.000000	7.266476e-18
43.000000	38.000000	3.415509e-18
43.000000	39.000000	2.514938e-18
43.000000	40.000000	1.140451e-18
43.000000	41.000000	8.030711e-19
43.000000	42.000000	3.518137e-19
43.000000	43.000000	2.373463e-19
43.000000	44.000000	1.005770e-19
43.000000	45.000000	6.511571e-20
43.000000	46.000000	2.672196e-20
43.000000	47.000000	1.662811e-20
43.000000	48.000000	6.615545e-21
43.000000	49.000000	3.962317e-21

44.000000	0.000000	1.971629e-19
44.000000	1.000000	3.451453e-19
44.000000	2.000000	1.462357e-18
44.000000	3.000000	2.131951e-18
44.000000	4.000000	7.147520e-18
44.000000	5.000000	9.199650e-18
44.000000	6.000000	2.564360e-17
44.000000	7.000000	2.964212e-17
44.000000	8.000000	7.077466e-17
44.000000	9.000000	7.437887e-17
44.000000	10.000000	1.553544e-16
44.000000	11.000000	1.498562e-16
44.000000	12.000000	2.781761e-16
44.000000	13.000000	2.481921e-16
44.000000	14.000000	4.145412e-16
44.000000	15.000000	3.442829e-16
44.000000	16.000000	5.225694e-16
44.000000	17.000000	4.061639e-16
44.000000	18.000000	5.648449e-16
44.000000	19.000000	4.127540e-16
44.000000	20.000000	5.295356e-16
44.000000	21.000000	3.652514e-16
44.000000	22.000000	4.348157e-16
44.000000	23.000000	2.840874e-16
44.000000	24.000000	3.153976e-16
44.000000	25.000000	1.957918e-16
44.000000	26.000000	2.036091e-16
44.000000	27.000000	1.204247e-16
44.000000	28.000000	1.177574e-16
44.000000	29.000000	6.652089e-17
44.000000	30.000000	6.137410e-17
44.000000	31.000000	3.318721e-17
44.000000	32.000000	2.897862e-17
44.000000	33.000000	1.502981e-17
44.000000	34.000000	1.245466e-17
44.000000	35.000000	6.207180e-18
44.000000	36.000000	4.893518e-18
44.000000	37.000000	2.347462e-18
44.000000	38.000000	1.764625e-18
44.000000	39.000000	8.160440e-19
44.000000	40.000000	5.861209e-19
44.000000	41.000000	2.616670e-19
44.000000	42.000000	1.799123e-19
44.000000	43.000000	7.764136e-20
44.000000	44.000000	5.119128e-20
44.000000	45.000000	2.138097e-20
44.000000	46.000000	1.353993e-20
44.000000	47.000000	5.479472e-21
44.000000	48.000000	3.337778e-21
44.000000	49.000000	1.310174e-21

45.000000	0.000000	5.105456e-20
45.000000	1.000000	2.379179e-19
45.000000	2.000000	3.731383e-19
45.000000	3.000000	1.383487e-18
45.000000	4.000000	1.895591e-18
45.000000	5.000000	5.732577e-18
45.000000	6.000000	6.999653e-18
45.000000	7.000000	1.790309e-17
45.000000	8.000000	1.976005e-17
45.000000	9.000000	4.380956e-17
45.000000	10.000000	4.418008e-17
45.000000	11.000000	8.644890e-17
45.000000	12.000000	8.033710e-17
45.000000	13.000000	1.406718e-16
45.000000	14.000000	1.213086e-16
45.000000	15.000000	1.921805e-16
45.000000	16.000000	1.546870e-16
45.000000	17.000000	2.237086e-16
45.000000	18.000000	1.689045e-16
45.000000	19.000000	2.246522e-16
45.000000	20.000000	1.597862e-16
45.000000	21.000000	1.966885e-16
45.000000	22.000000	1.322806e-16
45.000000	23.000000	1.515116e-16
45.000000	24.000000	9.666650e-17
45.000000	25.000000	1.035056e-16
45.000000	26.000000	6.283058e-17
45.000000	27.000000	6.315006e-17
45.000000	28.000000	3.656686e-17
45.000000	29.000000	3.462379e-17
45.000000	30.000000	1.916951e-17
45.000000	31.000000	1.715455e-17
45.000000	32.000000	9.100322e-18
45.000000	33.000000	7.718955e-18
45.000000	34.000000	3.931082e-18
45.000000	35.000000	3.168663e-18
45.000000	36.000000	1.551914e-18
45.000000	37.000000	1.191563e-18
45.000000	38.000000	5.621413e-19
45.000000	39.000000	4.120135e-19
45.000000	40.000000	1.875079e-19
45.000000	41.000000	1.314482e-19
45.000000	42.000000	5.778775e-20
45.000000	43.000000	3.881703e-20
45.000000	44.000000	1.650540e-20
45.000000	45.000000	1.064107e-20
45.000000	46.000000	4.381489e-21
45.000000	47.000000	2.715320e-21
45.000000	48.000000	1.083841e-21
45.000000	49.000000	6.465822e-22

46.000000	0.000000	3.303932e-20
46.000000	1.000000	5.816545e-20
46.000000	2.000000	2.424858e-19
46.000000	3.000000	3.555270e-19
46.000000	4.000000	1.176048e-18
46.000000	5.000000	1.522206e-18
46.000000	6.000000	4.194019e-18
46.000000	7.000000	4.874626e-18
46.000000	8.000000	1.151895e-17
46.000000	9.000000	1.217039e-17
46.000000	10.000000	2.518259e-17
46.000000	11.000000	2.441784e-17
46.000000	12.000000	4.493714e-17
46.000000	13.000000	4.029629e-17
46.000000	14.000000	6.676787e-17
46.000000	15.000000	5.572417e-17
46.000000	16.000000	8.394992e-17
46.000000	17.000000	6.556089e-17
46.000000	18.000000	9.053428e-17
46.000000	19.000000	6.646355e-17
46.000000	20.000000	8.470209e-17
46.000000	21.000000	5.868713e-17
46.000000	22.000000	6.942387e-17
46.000000	23.000000	4.555685e-17
46.000000	24.000000	5.027388e-17
46.000000	25.000000	3.134189e-17
46.000000	26.000000	3.240605e-17
46.000000	27.000000	1.924605e-17
46.000000	28.000000	1.871619e-17
46.000000	29.000000	1.061542e-17
46.000000	30.000000	9.742324e-18
46.000000	31.000000	5.288752e-18
46.000000	32.000000	4.594578e-18
46.000000	33.000000	2.392122e-18
46.000000	34.000000	1.972547e-18
46.000000	35.000000	9.867570e-19
46.000000	36.000000	7.742419e-19
46.000000	37.000000	3.727649e-19
46.000000	38.000000	2.789311e-19
46.000000	39.000000	1.294498e-19
46.000000	40.000000	9.256506e-20
46.000000	41.000000	4.146824e-20
46.000000	42.000000	2.838960e-20
46.000000	43.000000	1.229316e-20
46.000000	44.000000	8.071499e-21
46.000000	45.000000	3.382392e-21
46.000000	46.000000	2.133309e-21
46.000000	47.000000	8.661284e-22
46.000000	48.000000	5.255235e-22
46.000000	49.000000	2.069379e-22

47.000000	0.000000	8.339487e-21
47.000000	1.000000	3.819947e-20
47.000000	2.000000	6.024509e-20
47.000000	3.000000	2.202136e-19
47.000000	4.000000	3.033975e-19
47.000000	5.000000	9.064603e-19
47.000000	6.000000	1.112835e-18
47.000000	7.000000	2.816082e-18
47.000000	8.000000	3.124674e-18
47.000000	9.000000	6.861430e-18
47.000000	10.000000	6.955202e-18
47.000000	11.000000	1.349065e-17
47.000000	12.000000	1.259981e-17
47.000000	13.000000	2.188443e-17
47.000000	14.000000	1.896408e-17
47.000000	15.000000	2.981736e-17
47.000000	16.000000	2.411378e-17
47.000000	17.000000	3.462710e-17
47.000000	18.000000	2.626439e-17
47.000000	19.000000	3.470027e-17
47.000000	20.000000	2.479123e-17
47.000000	21.000000	3.032394e-17
47.000000	22.000000	2.048262e-17
47.000000	23.000000	2.331937e-17
47.000000	24.000000	1.494095e-17
47.000000	25.000000	1.590623e-17
47.000000	26.000000	9.695190e-18
47.000000	27.000000	9.690976e-18
47.000000	28.000000	5.633992e-18
47.000000	29.000000	5.306511e-18
47.000000	30.000000	2.949411e-18
47.000000	31.000000	2.626021e-18
47.000000	32.000000	1.398371e-18
47.000000	33.000000	1.180322e-18
47.000000	34.000000	6.033363e-19
47.000000	35.000000	4.840326e-19
47.000000	36.000000	2.379208e-19
47.000000	37.000000	1.818453e-19
47.000000	38.000000	8.609124e-20
47.000000	39.000000	6.282178e-20
47.000000	40.000000	2.868867e-20
47.000000	41.000000	2.002585e-20
47.000000	42.000000	8.833426e-21
47.000000	43.000000	5.909052e-21
47.000000	44.000000	2.520839e-21
47.000000	45.000000	1.618676e-21
47.000000	46.000000	6.686339e-22
47.000000	47.000000	4.127567e-22
47.000000	48.000000	1.652728e-22
47.000000	49.000000	9.822377e-23

48.000000	0.000000	5.143600e-21
48.000000	1.000000	9.104178e-21
48.000000	2.000000	3.737535e-20
48.000000	3.000000	5.509710e-20
48.000000	4.000000	1.799458e-19
48.000000	5.000000	2.341627e-19
48.000000	6.000000	6.380685e-19
48.000000	7.000000	7.455147e-19
48.000000	8.000000	1.744394e-18
48.000000	9.000000	1.852490e-18
48.000000	10.000000	3.798972e-18
48.000000	11.000000	3.701955e-18
48.000000	12.000000	6.757057e-18
48.000000	13.000000	6.088552e-18
48.000000	14.000000	1.001154e-17
48.000000	15.000000	8.394863e-18
48.000000	16.000000	1.255709e-17
48.000000	17.000000	9.851255e-18
48.000000	18.000000	1.351266e-17
48.000000	19.000000	9.963994e-18
48.000000	20.000000	1.261779e-17
48.000000	21.000000	8.780119e-18
48.000000	22.000000	1.032392e-17
48.000000	23.000000	6.803090e-18
48.000000	24.000000	7.464424e-18
48.000000	25.000000	4.672470e-18
48.000000	26.000000	4.804622e-18
48.000000	27.000000	2.864807e-18
48.000000	28.000000	2.771293e-18
48.000000	29.000000	1.577894e-18
48.000000	30.000000	1.440805e-18
48.000000	31.000000	7.851064e-19
48.000000	32.000000	6.787439e-19
48.000000	33.000000	3.546786e-19
48.000000	34.000000	2.910987e-19
48.000000	35.000000	1.461420e-19
48.000000	36.000000	1.141493e-19
48.000000	37.000000	5.515002e-20
48.000000	38.000000	4.108703e-20
48.000000	39.000000	1.913317e-20
48.000000	40.000000	1.362357e-20
48.000000	41.000000	6.123539e-21
48.000000	42.000000	4.175046e-21
48.000000	43.000000	1.813741e-21
48.000000	44.000000	1.186137e-21
48.000000	45.000000	4.986357e-22
48.000000	46.000000	3.132808e-22
48.000000	47.000000	1.275889e-22
48.000000	48.000000	7.712523e-23
48.000000	49.000000	3.046300e-23

49.000000	0.000000	1.266512e-21
49.000000	1.000000	5.707350e-21
49.000000	2.000000	9.049378e-21
49.000000	3.000000	3.263326e-20
49.000000	4.000000	4.519862e-20
49.000000	5.000000	1.334889e-19
49.000000	6.000000	1.647339e-19
49.000000	7.000000	4.126468e-19
49.000000	8.000000	4.601924e-19
49.000000	9.000000	1.001319e-18
49.000000	10.000000	1.020023e-18
49.000000	11.000000	1.962000e-18
49.000000	12.000000	1.841248e-18
49.000000	13.000000	3.173401e-18
49.000000	14.000000	2.762765e-18
49.000000	15.000000	4.312713e-18
49.000000	16.000000	3.503572e-18
49.000000	17.000000	4.997165e-18
49.000000	18.000000	3.807004e-18
49.000000	19.000000	4.997767e-18
49.000000	20.000000	3.585881e-18
49.000000	21.000000	4.359684e-18
49.000000	22.000000	2.957047e-18
49.000000	23.000000	3.347253e-18
49.000000	24.000000	2.153297e-18
49.000000	25.000000	2.279847e-18
49.000000	26.000000	1.395089e-18
49.000000	27.000000	1.387165e-18
49.000000	28.000000	8.095409e-19
49.000000	29.000000	7.586462e-19
49.000000	30.000000	4.232379e-19
49.000000	31.000000	3.750074e-19
49.000000	32.000000	2.004205e-19
49.000000	33.000000	1.683797e-19
49.000000	34.000000	8.637487e-20
49.000000	35.000000	6.898328e-20
49.000000	36.000000	3.402534e-20
49.000000	37.000000	2.589285e-20
49.000000	38.000000	1.229990e-20
49.000000	39.000000	8.937619e-21
49.000000	40.000000	4.094983e-21
49.000000	41.000000	2.846816e-21
49.000000	42.000000	1.259780e-21
49.000000	43.000000	8.393915e-22
49.000000	44.000000	3.592179e-22
49.000000	45.000000	2.297771e-22
49.000000	46.000000	9.520816e-23
49.000000	47.000000	5.855587e-23
49.000000	48.000000	2.351797e-23
49.000000	49.000000	1.392773e-23



